2019  1           30056.5453           30056.5453
2020  1           30563.7084           30563.7084
2021  1           30250.8649           30250.8649
2022  1           29569.5268           29569.5268
2023  1           25895.4836           25895.4836
2024  1           27181.1435           27181.1435
2025  1           30778.3141           30778.3141
2026  1           28760.6239           28760.6239
2027  1           25132.8930           25132.8930
2028  1           25914.7128           25914.7128
2029  1           29610.7305           29610.7305
2030  1           29726.5483           29726.5483
2031  1           30527.1715           30527.1715
2032  1           28530.0075           28530.0075
2033  1           25758.5221           25758.5221
2034  1           24918.2384           24918.2384
2035  1           23305.8909           23305.8909
2036  1           21848.6759           21848.6759
2037  1           22052.7544           22052.7544
2038  1           23347.1544           23347.1544
2039  1           23924.9913           23924.9913
2040  1           24146.8307           24146.8307
2041  1           23751.9612           23751.9612
2042  1           22805.6901           22805.6901
2043  1           21130.5824           21130.5824
2044  1           20457.4542           20457.4542
2045  1           20469.6868           20469.6868
