2019  1           30056.5453           30056.5453
2020  1           30563.7084           30563.7084
2021  1           30666.5351           30666.5351
2022  1           30544.9044           30544.9044
2023  1           26397.1287           26397.1287
2024  1           27816.4046           27816.4046
2025  1           31037.3091           31037.3091
2026  1           28518.3951           28518.3951
2027  1           25123.2919           25123.2919
2028  1           26227.4402           26227.4402
2029  1           29412.8498           29412.8498
2030  1           29697.6760           29697.6760
2031  1           31076.0660           31076.0660
2032  1           29550.4776           29550.4776
2033  1           27000.4611           27000.4611
2034  1           25898.9301           25898.9301
2035  1           24200.7634           24200.7634
2036  1           22542.7373           22542.7373
2037  1           22571.1540           22571.1540
2038  1           23873.4050           23873.4050
2039  1           24652.5317           24652.5317
2040  1           24919.9453           24919.9453
2041  1           24836.4569           24836.4569
2042  1           24075.5654           24075.5654
2043  1           22197.0527           22197.0527
2044  1           21303.4356           21303.4356
2045  1           20702.2969           20702.2969
