2019  1           30056.5453           30056.5453
2020  1           30563.7084           30563.7084
2021  1           32099.8086           32099.8086
2022  1           33245.1949           33245.1949
2023  1           30243.3736           30243.3736
2024  1           32153.8715           32153.8715
2025  1           35198.7386           35198.7386
2026  1           33219.8419           33219.8419
2027  1           30007.8953           30007.8953
2028  1           30819.4416           30819.4416
2029  1           34145.2322           34145.2322
2030  1           34660.4294           34660.4294
2031  1           36454.4135           36454.4135
2032  1           35392.5056           35392.5056
2033  1           32541.2696           32541.2696
2034  1           31084.3966           31084.3966
2035  1           28610.9849           28610.9849
2036  1           26236.7804           26236.7804
2037  1           26230.3696           26230.3696
2038  1           27682.3437           27682.3437
2039  1           28410.7296           28410.7296
2040  1           28623.8912           28623.8912
2041  1           28375.6002           28375.6002
2042  1           27595.0553           27595.0553
2043  1           25623.3395           25623.3395
2044  1           24884.0876           24884.0876
2045  1           24420.6665           24420.6665
