2019  1           26783.2411           26783.2411
2020  1           26041.1142           26041.1142
2021  1           24229.5956           24229.5956
2022  1           21295.1392           21295.1392
2023  1           14064.0161           14064.0161
2024  1            7759.1376            7759.1376
2025  1            5758.5766            5758.5766
2026  1            7468.0271            7468.0271
2027  1            8655.2241            8655.2241
2028  1           13528.3707           13528.3707
2029  1           16884.8937           16884.8937
2030  1           18979.9262           18979.9262
2031  1           17104.3031           17104.3031
2032  1           15485.4736           15485.4736
2033  1           15369.0334           15369.0334
2034  1           15298.8374           15298.8374
2035  1           14481.3044           14481.3044
2036  1           14419.1935           14419.1935
2037  1           17137.4524           17137.4524
2038  1           18602.1972           18602.1972
2039  1           19120.0722           19120.0722
2040  1           21244.9316           21244.9316
2041  1           22043.3100           22043.3100
2042  1           23376.1058           23376.1058
2043  1           24472.2193           24472.2193
2044  1           23368.5753           23368.5753
2045  1           16258.8068           16258.8068
