2019  1           22355.1800           22355.1800
2020  1           21102.7400           21102.7400
2021  1           20401.3199           20401.3199
2022  1           19336.0693           19336.0693
2023  1           12185.4057           12185.4057
2024  1            7364.5425            7364.5425
2025  1            9128.4611            9128.4611
2026  1           17260.9661           17260.9661
2027  1           22097.3558           22097.3558
2028  1           24067.8177           24067.8177
2029  1           21970.1824           21970.1824
2030  1           17362.9060           17362.9060
2031  1           14771.1217           14771.1217
2032  1           11060.8872           11060.8872
2033  1            8368.5885            8368.5885
2034  1            6034.9357            6034.9357
2035  1            4506.7786            4506.7786
2036  1            3031.9218            3031.9218
2037  1            2683.9284            2683.9284
2038  1            2777.4088            2777.4088
2039  1            2757.9324            2757.9324
2040  1            2807.8709            2807.8709
2041  1            5266.3535            5266.3535
2042  1            8837.4562            8837.4562
2043  1           13024.9108           13024.9108
2044  1           16147.7531           16147.7531
2045  1           17014.3968           17014.3968
