2019  1           30096.5552           30096.5552
2020  1           30971.3356           30971.3356
2021  1           32954.5277           32954.5277
2022  1           33523.7332           33523.7332
2023  1           30860.8563           30860.8563
2024  1           27428.7966           27428.7966
2025  1           22212.4130           22212.4130
2026  1           18435.8134           18435.8134
2027  1           19072.0614           19072.0614
2028  1           24063.1483           24063.1483
2029  1           33828.6117           33828.6117
2030  1           39611.5036           39611.5036
2031  1           37108.4430           37108.4430
2032  1           33474.1967           33474.1967
2033  1           27660.8484           27660.8484
2034  1           22363.4983           22363.4983
2035  1           21400.6493           21400.6493
2036  1           23728.5790           23728.5790
2037  1           31255.0187           31255.0187
2038  1           36860.9097           36860.9097
2039  1           34929.3854           34929.3854
2040  1           32703.1664           32703.1664
2041  1           27251.7821           27251.7821
2042  1           21858.4298           21858.4298
2043  1           24557.1857           24557.1857
2044  1           34377.3426           34377.3426
2045  1           48042.4710           48042.4710
