2019  1           30056.5453           30056.5453
2020  1           30563.7084           30563.7084
2021  1           30191.6464           30191.6464
2022  1           29814.2214           29814.2214
2023  1           25935.9311           25935.9311
2024  1           27398.6188           27398.6188
2025  1           30758.3757           30758.3757
2026  1           28769.9385           28769.9385
2027  1           25115.5257           25115.5257
2028  1           25953.9738           25953.9738
2029  1           29209.0190           29209.0190
2030  1           29413.1100           29413.1100
2031  1           30990.1852           30990.1852
2032  1           29074.1689           29074.1689
2033  1           26532.1378           26532.1378
2034  1           25421.4657           25421.4657
2035  1           23332.7144           23332.7144
2036  1           21619.1305           21619.1305
2037  1           22141.4491           22141.4491
2038  1           23298.2243           23298.2243
2039  1           23774.6968           23774.6968
2040  1           24062.0288           24062.0288
2041  1           23609.0096           23609.0096
2042  1           22538.6565           22538.6565
2043  1           20930.6608           20930.6608
2044  1           20476.9156           20476.9156
2045  1           20955.5772           20955.5772
