2019  1           26381.3616           26381.3616
2020  1           26438.1346           26438.1346
2021  1           27524.5992           27524.5992
2022  1           27848.8821           27848.8821
2023  1           20828.3935           20828.3935
2024  1           16619.5752           16619.5752
2025  1           18693.9095           18693.9095
2026  1           24187.8659           24187.8659
2027  1           38787.3833           38787.3833
2028  1           55429.5797           55429.5797
2029  1           64467.3914           64467.3914
2030  1           67380.6572           67380.6572
2031  1           53337.1441           53337.1441
2032  1           39946.8545           39946.8545
2033  1           34872.9608           34872.9608
2034  1           28256.0301           28256.0301
2035  1           22609.1954           22609.1954
2036  1           20458.6729           20458.6729
2037  1           22949.0848           22949.0848
2038  1           24635.2332           24635.2332
2039  1           28354.6348           28354.6348
2040  1           32249.2192           32249.2192
2041  1           33541.1399           33541.1399
2042  1           52177.5112           52177.5112
2043  1           80884.3476           80884.3476
2044  1           98372.2500           98372.2500
2045  1          107015.3602          107015.3602
