2019  1           25543.0637           25543.0637
2020  1           24073.8517           24073.8517
2021  1           22427.8228           22427.8228
2022  1           19920.3256           19920.3256
2023  1           14683.7864           14683.7864
2024  1           10322.3875           10322.3875
2025  1            7131.7418            7131.7418
2026  1            3547.4888            3547.4888
2027  1            2477.5152            2477.5152
2028  1            5145.4569            5145.4569
2029  1            8161.1597            8161.1597
2030  1            7768.5709            7768.5709
2031  1            6155.5041            6155.5041
2032  1            4790.8508            4790.8508
2033  1            4274.6777            4274.6777
2034  1            4865.4424            4865.4424
2035  1            6168.6731            6168.6731
2036  1            7275.3751            7275.3751
2037  1            6542.4612            6542.4612
2038  1            4789.3664            4789.3664
2039  1            2868.3373            2868.3373
2040  1            2716.2678            2716.2678
2041  1            3193.3649            3193.3649
2042  1            6548.4910            6548.4910
2043  1           11056.6573           11056.6573
2044  1           15576.5790           15576.5790
2045  1           16605.7636           16605.7636
