2019  1           23426.0199           23426.0199
2020  1           27295.0812           27295.0812
2021  1           39165.5248           39165.5248
2022  1           52035.6818           52035.6818
2023  1           63478.7742           63478.7742
2024  1           73264.7026           73264.7026
2025  1           64441.0414           64441.0414
2026  1           54756.6885           54756.6885
2027  1           56308.1554           56308.1554
2028  1           69181.2050           69181.2050
2029  1           88089.3091           88089.3091
2030  1           98362.2957           98362.2957
2031  1          107397.2393          107397.2393
2032  1          114653.4134          114653.4134
2033  1           99607.1457           99607.1457
2034  1           84915.9671           84915.9671
2035  1           84924.9738           84924.9738
2036  1           86040.0141           86040.0141
2037  1           95260.6956           95260.6956
2038  1          108826.3227          108826.3227
2039  1          120307.6123          120307.6123
2040  1          127809.4473          127809.4473
2041  1          116467.3204          116467.3204
2042  1          110718.9026          110718.9026
2043  1          115794.9121          115794.9121
2044  1          111465.3711          111465.3711
2045  1           96373.3538           96373.3538
