2019  1           29213.6838           29213.6838
2020  1           33616.8781           33616.8781
2021  1           46589.2967           46589.2967
2022  1           66885.3224           66885.3224
2023  1           87489.3603           87489.3603
2024  1          105781.1684          105781.1684
2025  1          104683.1160          104683.1160
2026  1           95348.6683           95348.6683
2027  1           76126.2713           76126.2713
2028  1           58922.9264           58922.9264
2029  1           57192.3270           57192.3270
2030  1           66203.4281           66203.4281
2031  1           89981.4500           89981.4500
2032  1          107191.4065          107191.4065
2033  1           95594.1959           95594.1959
2034  1           92333.9083           92333.9083
2035  1          109328.5381          109328.5381
2036  1          120372.6386          120372.6386
2037  1          120677.2154          120677.2154
2038  1          118439.9972          118439.9972
2039  1           90215.5823           90215.5823
2040  1           99095.1817           99095.1817
2041  1          148938.6974          148938.6974
2042  1          166458.5611          166458.5611
2043  1          160050.5603          160050.5603
2044  1          144592.5005          144592.5005
2045  1          107277.1735          107277.1735
