2019  1           26581.0864           26581.0864
2020  1           30258.4845           30258.4845
2021  1           43495.0042           43495.0042
2022  1           71518.8051           71518.8051
2023  1          103777.9215          103777.9215
2024  1          128025.7017          128025.7017
2025  1          135943.4051          135943.4051
2026  1          140547.4187          140547.4187
2027  1          144057.9523          144057.9523
2028  1          147673.8624          147673.8624
2029  1          141888.0536          141888.0536
2030  1          128252.5926          128252.5926
2031  1           91178.6204           91178.6204
2032  1           55738.0845           55738.0845
2033  1           32683.6907           32683.6907
2034  1           13573.1725           13573.1725
2035  1           27275.0555           27275.0555
2036  1           59872.7621           59872.7621
2037  1           99257.7570           99257.7570
2038  1          137376.0672          137376.0672
2039  1          166415.0107          166415.0107
2040  1          182136.7693          182136.7693
2041  1          175546.1849          175546.1849
2042  1          158098.6682          158098.6682
2043  1          146055.7385          146055.7385
2044  1          145510.1356          145510.1356
2045  1          141744.8386          141744.8386
