2019  1           26685.8031           26685.8031
2020  1           26093.9483           26093.9483
2021  1           25708.4348           25708.4348
2022  1           24042.3388           24042.3388
2023  1           21298.3954           21298.3954
2024  1           18805.6152           18805.6152
2025  1           17787.3514           17787.3514
2026  1           16836.2455           16836.2455
2027  1           16509.8232           16509.8232
2028  1           16004.4379           16004.4379
2029  1           15102.0839           15102.0839
2030  1           13640.8847           13640.8847
2031  1           12452.3434           12452.3434
2032  1           11639.5591           11639.5591
2033  1           14073.5167           14073.5167
2034  1           19217.3199           19217.3199
2035  1           26407.2917           26407.2917
2036  1           44639.1593           44639.1593
2037  1           67719.1367           67719.1367
2038  1           83132.0532           83132.0532
2039  1           77835.1237           77835.1237
2040  1           64847.7986           64847.7986
2041  1           41627.7758           41627.7758
2042  1           22777.7671           22777.7671
2043  1           14234.1996           14234.1996
2044  1            8942.5388            8942.5388
2045  1           10382.6790           10382.6790
