2019  1           30056.5453           30056.5453
2020  1           29591.6632           29591.6632
2021  1           26466.2167           26466.2167
2022  1           22654.6030           22654.6030
2023  1           16696.2436           16696.2436
2024  1           14455.9416           14455.9416
2025  1           15176.3839           15176.3839
2026  1           13186.8096           13186.8096
2027  1           11637.1163           11637.1163
2028  1           12452.9807           12452.9807
2029  1           14597.1194           14597.1194
2030  1           14999.7527           14999.7527
2031  1           15356.2108           15356.2108
2032  1           14248.9352           14248.9352
2033  1           12517.4759           12517.4759
2034  1           11355.5421           11355.5421
2035  1           10093.4862           10093.4862
2036  1            8843.7825            8843.7825
2037  1            8545.0101            8545.0101
2038  1            8779.2715            8779.2715
2039  1            8887.8450            8887.8450
2040  1            8955.1365            8955.1365
2041  1            8892.2669            8892.2669
2042  1            8588.2823            8588.2823
2043  1            7881.0416            7881.0416
2044  1            7653.9760            7653.9760
2045  1            7830.2679            7830.2679
