2019  1           25371.6499           25371.6499
2020  1           25493.6978           25493.6978
2021  1           28477.4817           28477.4817
2022  1           32770.2628           32770.2628
2023  1           32933.9944           32933.9944
2024  1           32341.1492           32341.1492
2025  1           32111.9067           32111.9067
2026  1           29759.1218           29759.1218
2027  1           21880.2030           21880.2030
2028  1           16529.7907           16529.7907
2029  1           17810.6569           17810.6569
2030  1           27069.0829           27069.0829
2031  1           39454.1543           39454.1543
2032  1           45905.0345           45905.0345
2033  1           41298.4242           41298.4242
2034  1           35501.7551           35501.7551
2035  1           34743.4351           34743.4351
2036  1           33523.6224           33523.6224
2037  1           33559.0433           33559.0433
2038  1           34987.3436           34987.3436
2039  1           35191.8378           35191.8378
2040  1           34437.9912           34437.9912
2041  1           33924.8218           33924.8218
2042  1           33757.2282           33757.2282
2043  1           33014.2249           33014.2249
2044  1           31091.0028           31091.0028
2045  1           29676.6855           29676.6855
