2019  1           30056.5453           30056.5453
2020  1           30563.7084           30563.7084
2021  1           30213.9501           30213.9501
2022  1           30180.3104           30180.3104
2023  1           26380.3407           26380.3407
2024  1           28221.9665           28221.9665
2025  1           31561.6372           31561.6372
2026  1           29477.7343           29477.7343
2027  1           25651.8332           25651.8332
2028  1           26493.9501           26493.9501
2029  1           30310.0488           30310.0488
2030  1           30462.4291           30462.4291
2031  1           31386.8999           31386.8999
2032  1           29550.6464           29550.6464
2033  1           26811.1464           26811.1464
2034  1           25624.8708           25624.8708
2035  1           23895.2032           23895.2032
2036  1           22161.5406           22161.5406
2037  1           22381.6854           22381.6854
2038  1           23558.5528           23558.5528
2039  1           24236.6051           24236.6051
2040  1           24444.3180           24444.3180
2041  1           23963.7648           23963.7648
2042  1           23030.1134           23030.1134
2043  1           21594.2962           21594.2962
2044  1           20799.6555           20799.6555
2045  1           21129.6307           21129.6307
