2019  1           30056.5453           30056.5453
2020  1           34451.7854           34451.7854
2021  1           45492.4814           45492.4814
2022  1           58335.8019           58335.8019
2023  1           68692.4786           68692.4786
2024  1           92045.4970           92045.4970
2025  1          102267.9360          102267.9360
2026  1           97541.8498           97541.8498
2027  1           83398.5334           83398.5334
2028  1           82792.1703           82792.1703
2029  1           96656.2936           96656.2936
2030  1          102190.0170          102190.0170
2031  1          109976.5759          109976.5759
2032  1          109082.2996          109082.2996
2033  1           94212.9606           94212.9606
2034  1           85019.7040           85019.7040
2035  1           79720.8304           79720.8304
2036  1           75060.0185           75060.0185
2037  1           77874.2816           77874.2816
2038  1           83398.8109           83398.8109
2039  1           83945.8555           83945.8555
2040  1           82882.6892           82882.6892
2041  1           72950.3536           72950.3536
2042  1           62617.7820           62617.7820
2043  1           63007.4924           63007.4924
2044  1           66064.9824           66064.9824
2045  1           65939.5912           65939.5912
