2019  1           24653.4853           24653.4853
2020  1           24614.4686           24614.4686
2021  1           26627.9938           26627.9938
2022  1           27439.8351           27439.8351
2023  1           28789.3374           28789.3374
2024  1           31919.4800           31919.4800
2025  1           32324.6979           32324.6979
2026  1           33638.0759           33638.0759
2027  1           24601.9026           24601.9026
2028  1           19183.2456           19183.2456
2029  1           27134.7898           27134.7898
2030  1           33247.1456           33247.1456
2031  1           32839.2068           32839.2068
2032  1           31297.3109           31297.3109
2033  1           31602.0464           31602.0464
2034  1           32855.2131           32855.2131
2035  1           41969.7247           41969.7247
2036  1           56967.7403           56967.7403
2037  1           73057.3455           73057.3455
2038  1           80312.3612           80312.3612
2039  1           56172.1320           56172.1320
2040  1           37615.0211           37615.0211
2041  1           30556.2532           30556.2532
2042  1           26343.9322           26343.9322
2043  1           27719.6399           27719.6399
2044  1           30110.5271           30110.5271
2045  1           40639.7200           40639.7200
