2019  1           26177.4919           26177.4919
2020  1           30319.0350           30319.0350
2021  1           42783.4938           42783.4938
2022  1           54164.0459           54164.0459
2023  1           46968.1447           46968.1447
2024  1           42650.8257           42650.8257
2025  1           50644.6297           50644.6297
2026  1           56579.4166           56579.4166
2027  1           48508.1209           48508.1209
2028  1           40597.4515           40597.4515
2029  1           51599.1584           51599.1584
2030  1           64873.7381           64873.7381
2031  1           69137.8474           69137.8474
2032  1           71712.8954           71712.8954
2033  1           74230.3645           74230.3645
2034  1           80034.2146           80034.2146
2035  1           79469.2453           79469.2453
2036  1           73898.2288           73898.2288
2037  1           76940.9211           76940.9211
2038  1           82795.9031           82795.9031
2039  1           83417.3224           83417.3224
2040  1           76189.5326           76189.5326
2041  1           70372.2859           70372.2859
2042  1           70469.4225           70469.4225
2043  1           72653.3218           72653.3218
2044  1           80370.3709           80370.3709
2045  1           96285.8726           96285.8726
