2019  1           25266.5238           25266.5238
2020  1           24018.3934           24018.3934
2021  1           23658.7256           23658.7256
2022  1           24292.0166           24292.0166
2023  1           18292.0249           18292.0249
2024  1           11725.7457           11725.7457
2025  1            8330.6336            8330.6336
2026  1            8738.9894            8738.9894
2027  1            9229.3446            9229.3446
2028  1            9148.8278            9148.8278
2029  1            9559.7855            9559.7855
2030  1            9818.5000            9818.5000
2031  1            7574.6401            7574.6401
2032  1            5727.5973            5727.5973
2033  1           10489.8913           10489.8913
2034  1           17692.5390           17692.5390
2035  1           20199.5687           20199.5687
2036  1           20473.8697           20473.8697
2037  1           19584.5291           19584.5291
2038  1           18068.8434           18068.8434
2039  1           16190.3881           16190.3881
2040  1           14126.8668           14126.8668
2041  1           14192.4230           14192.4230
2042  1           14694.2168           14694.2168
2043  1           13287.2881           13287.2881
2044  1           11031.0237           11031.0237
2045  1            9537.3111            9537.3111
