2019  1           29053.9691           29053.9691
2020  1           32827.6132           32827.6132
2021  1           44041.5849           44041.5849
2022  1           54913.3828           54913.3828
2023  1           67025.6793           67025.6793
2024  1           88187.2082           88187.2082
2025  1           98535.3013           98535.3013
2026  1          104939.7731          104939.7731
2027  1          123227.2442          123227.2442
2028  1          164727.5150          164727.5150
2029  1          188720.0676          188720.0676
2030  1          184535.4758          184535.4758
2031  1          172214.5336          172214.5336
2032  1          156577.6821          156577.6821
2033  1          126553.0625          126553.0625
2034  1           95338.6199           95338.6199
2035  1           78476.0779           78476.0779
2036  1           65700.5274           65700.5274
2037  1           58559.7222           58559.7222
2038  1           50682.4370           50682.4370
2039  1           52256.8239           52256.8239
2040  1           54598.5710           54598.5710
2041  1           52554.1476           52554.1476
2042  1           57511.0582           57511.0582
2043  1           71593.0893           71593.0893
2044  1           79824.5277           79824.5277
2045  1           87140.0875           87140.0875
