2019  1           24999.6476           24999.6476
2020  1           24123.6693           24123.6693
2021  1           23565.7070           23565.7070
2022  1           22832.7592           22832.7592
2023  1           17767.9110           17767.9110
2024  1           12013.4234           12013.4234
2025  1            6557.6207            6557.6207
2026  1            1923.9904            1923.9904
2027  1            2146.5579            2146.5579
2028  1            2747.0663            2747.0663
2029  1            4785.3998            4785.3998
2030  1            9016.7497            9016.7497
2031  1           17145.5456           17145.5456
2032  1           25416.7316           25416.7316
2033  1           28515.4649           28515.4649
2034  1           29420.3383           29420.3383
2035  1           18652.9070           18652.9070
2036  1           12120.9926           12120.9926
2037  1            8336.7769            8336.7769
2038  1            6420.3407            6420.3407
2039  1            8183.5586            8183.5586
2040  1           11641.0331           11641.0331
2041  1           15486.4982           15486.4982
2042  1           23527.9227           23527.9227
2043  1           29480.8989           29480.8989
2044  1           32943.7695           32943.7695
2045  1           34112.4314           34112.4314
