2019  1           30056.5453           30056.5453
2020  1           30563.7084           30563.7084
2021  1           32055.9715           32055.9715
2022  1           33194.1855           33194.1855
2023  1           28078.9097           28078.9097
2024  1           28593.2920           28593.2920
2025  1           31670.8643           31670.8643
2026  1           29853.3004           29853.3004
2027  1           25768.3156           25768.3156
2028  1           26173.8490           26173.8490
2029  1           31147.7654           31147.7654
2030  1           32882.7244           32882.7244
2031  1           35438.0794           35438.0794
2032  1           35128.7520           35128.7520
2033  1           31468.0139           31468.0139
2034  1           29316.3589           29316.3589
2035  1           27058.7298           27058.7298
2036  1           24977.9232           24977.9232
2037  1           25598.8748           25598.8748
2038  1           27070.6474           27070.6474
2039  1           27733.7529           27733.7529
2040  1           28269.7967           28269.7967
2041  1           28287.5419           28287.5419
2042  1           27289.5402           27289.5402
2043  1           25499.5700           25499.5700
2044  1           24308.9019           24308.9019
2045  1           23646.5849           23646.5849
