2019  1           26381.3616           26381.3616
2020  1           25495.3317           25495.3317
2021  1           22396.7864           22396.7864
2022  1           18613.6024           18613.6024
2023  1           10258.9388           10258.9388
2024  1            4168.2590            4168.2590
2025  1            3766.9272            3766.9272
2026  1            5024.6303            5024.6303
2027  1           11092.8676           11092.8676
2028  1           19965.7528           19965.7528
2029  1           26117.5152           26117.5152
2030  1           29363.8034           29363.8034
2031  1           24696.1361           24696.1361
2032  1           19754.8896           19754.8896
2033  1           14097.1037           14097.1037
2034  1            8055.0544            8055.0544
2035  1            4111.1334            4111.1334
2036  1            2821.6048            2821.6048
2037  1            4318.3028            4318.3028
2038  1            3798.8273            3798.8273
2039  1            4164.3191            4164.3191
2040  1            5376.9925            5376.9925
2041  1            4393.6049            4393.6049
2042  1           12431.0026           12431.0026
2043  1           31070.5321           31070.5321
2044  1           45344.8149           45344.8149
2045  1           51377.5102           51377.5102
