2019  1           23892.2207           23892.2207
2020  1           22507.3670           22507.3670
2021  1           20525.8624           20525.8624
2022  1           17624.4826           17624.4826
2023  1           14505.6717           14505.6717
2024  1           13566.7227           13566.7227
2025  1           16230.5550           16230.5550
2026  1           17547.4258           17547.4258
2027  1           17997.7587           17997.7587
2028  1           17295.6077           17295.6077
2029  1           15612.6764           15612.6764
2030  1           13899.9210           13899.9210
2031  1           12129.8888           12129.8888
2032  1           10582.2997           10582.2997
2033  1            9054.2105            9054.2105
2034  1            7875.1975            7875.1975
2035  1            7774.4801            7774.4801
2036  1            9611.9617            9611.9617
2037  1           13055.6278           13055.6278
2038  1           15182.5563           15182.5563
2039  1           16325.9647           16325.9647
2040  1           16864.2313           16864.2313
2041  1           16102.3023           16102.3023
2042  1           15457.3057           15457.3057
2043  1           13762.4572           13762.4572
2044  1           17009.2817           17009.2817
2045  1           22407.0125           22407.0125
