2019  1           24949.9813           24949.9813
2020  1           25151.3671           25151.3671
2021  1           26632.3922           26632.3922
2022  1           27411.5270           27411.5270
2023  1           16859.3371           16859.3371
2024  1           13531.5410           13531.5410
2025  1           20409.4159           20409.4159
2026  1           25872.2578           25872.2578
2027  1           25783.2691           25783.2691
2028  1           24572.5194           24572.5194
2029  1           23565.8848           23565.8848
2030  1           25002.9569           25002.9569
2031  1           30282.3074           30282.3074
2032  1           32611.2143           32611.2143
2033  1           24402.8295           24402.8295
2034  1           18797.2481           18797.2481
2035  1           25227.2214           25227.2214
2036  1           31503.6996           31503.6996
2037  1           43150.7561           43150.7561
2038  1           59379.9459           59379.9459
2039  1           66051.0390           66051.0390
2040  1           66246.3228           66246.3228
2041  1           49184.0960           49184.0960
2042  1           33003.5794           33003.5794
2043  1           27884.6465           27884.6465
2044  1           23239.2837           23239.2837
2045  1           20120.5428           20120.5428
