2019  1           26100.8556           26100.8556
2020  1           30277.3114           30277.3114
2021  1           43371.0781           43371.0781
2022  1           69007.3716           69007.3716
2023  1           96306.3284           96306.3284
2024  1          111442.2085          111442.2085
2025  1          118482.1863          118482.1863
2026  1          130186.1092          130186.1092
2027  1          132719.6671          132719.6671
2028  1          129111.3694          129111.3694
2029  1          117304.5038          117304.5038
2030  1          103828.1174          103828.1174
2031  1           89500.0324           89500.0324
2032  1           79113.0884           79113.0884
2033  1           76649.4248           76649.4248
2034  1           78024.0536           78024.0536
2035  1           82172.6711           82172.6711
2036  1           82212.9931           82212.9931
2037  1           77803.2189           77803.2189
2038  1           72746.2657           72746.2657
2039  1           59968.9907           59968.9907
2040  1           56748.4439           56748.4439
2041  1           81652.1284           81652.1284
2042  1          107349.2879          107349.2879
2043  1          133200.5186          133200.5186
2044  1          170712.7878          170712.7878
2045  1          191376.7587          191376.7587
