2019  1           30056.5453           30056.5453
2020  1           29591.6632           29591.6632
2021  1           25678.3230           25678.3230
2022  1           22194.1881           22194.1881
2023  1           15518.9741           15518.9741
2024  1           12654.7678           12654.7678
2025  1           13568.7613           13568.7613
2026  1           11656.5932           11656.5932
2027  1           11233.7720           11233.7720
2028  1           12761.4629           12761.4629
2029  1           14629.8881           14629.8881
2030  1           14739.9073           14739.9073
2031  1           16701.2039           16701.2039
2032  1           17208.5295           17208.5295
2033  1           16897.0015           16897.0015
2034  1           16800.9131           16800.9131
2035  1           15536.6012           15536.6012
2036  1           14412.0531           14412.0531
2037  1           14271.0801           14271.0801
2038  1           14751.7428           14751.7428
2039  1           14944.0870           14944.0870
2040  1           14992.2719           14992.2719
2041  1           14866.8699           14866.8699
2042  1           14425.4932           14425.4932
2043  1           13441.0801           13441.0801
2044  1           12925.9476           12925.9476
2045  1           12500.1354           12500.1354
