2019  1           30056.5453           30056.5453
2020  1           30563.7084           30563.7084
2021  1           30576.7646           30576.7646
2022  1           30215.6767           30215.6767
2023  1           26200.4985           26200.4985
2024  1           27639.9952           27639.9952
2025  1           30927.8194           30927.8194
2026  1           29142.1868           29142.1868
2027  1           25742.5941           25742.5941
2028  1           26690.5053           26690.5053
2029  1           30168.0931           30168.0931
2030  1           30381.6931           30381.6931
2031  1           31656.2468           31656.2468
2032  1           29770.3974           29770.3974
2033  1           26925.5371           26925.5371
2034  1           25917.1004           25917.1004
2035  1           24046.7000           24046.7000
2036  1           22485.2811           22485.2811
2037  1           22793.5129           22793.5129
2038  1           24065.0578           24065.0578
2039  1           24514.8909           24514.8909
2040  1           24555.9072           24555.9072
2041  1           23930.3699           23930.3699
2042  1           23124.5393           23124.5393
2043  1           21405.4013           21405.4013
2044  1           20697.8360           20697.8360
2045  1           20662.0732           20662.0732
