2019  1           27952.2318           27952.2318
2020  1           28601.3645           28601.3645
2021  1           30836.8901           30836.8901
2022  1           32521.6062           32521.6062
2023  1           32127.7936           32127.7936
2024  1           32983.6818           32983.6818
2025  1           35611.0377           35611.0377
2026  1           35704.1769           35704.1769
2027  1           24600.4226           24600.4226
2028  1           18080.4064           18080.4064
2029  1           25500.1516           25500.1516
2030  1           34803.9251           34803.9251
2031  1           40104.8147           40104.8147
2032  1           42850.5200           42850.5200
2033  1           30467.5368           30467.5368
2034  1           21767.4103           21767.4103
2035  1           19754.3615           19754.3615
2036  1           18549.9014           18549.9014
2037  1           21012.4985           21012.4985
2038  1           23352.2602           23352.2602
2039  1           24660.8542           24660.8542
2040  1           28643.4010           28643.4010
2041  1           34492.0735           34492.0735
2042  1           37519.2308           37519.2308
2043  1           37711.8734           37711.8734
2044  1           36494.8712           36494.8712
2045  1           35618.1866           35618.1866
