2019  1           27623.9778           27623.9778
2020  1           28026.1784           28026.1784
2021  1           30239.4998           30239.4998
2022  1           31540.5458           31540.5458
2023  1           31974.2168           31974.2168
2024  1           31178.9899           31178.9899
2025  1           21656.1451           21656.1451
2026  1           21210.6096           21210.6096
2027  1           32283.0899           32283.0899
2028  1           39245.6167           39245.6167
2029  1           40909.4821           40909.4821
2030  1           41862.0491           41862.0491
2031  1           42898.0589           42898.0589
2032  1           42739.1929           42739.1929
2033  1           34332.6517           34332.6517
2034  1           27301.7021           27301.7021
2035  1           26660.6047           26660.6047
2036  1           29426.3170           29426.3170
2037  1           34120.0072           34120.0072
2038  1           36382.8626           36382.8626
2039  1           31398.2838           31398.2838
2040  1           27384.1086           27384.1086
2041  1           28945.6240           28945.6240
2042  1           28228.8025           28228.8025
2043  1           20440.5964           20440.5964
2044  1           17825.9969           17825.9969
2045  1           22492.7692           22492.7692
