2019  1           27623.9778           27623.9778
2020  1           31841.0462           31841.0462
2021  1           44686.9185           44686.9185
2022  1           57775.1020           57775.1020
2023  1           66618.8351           66618.8351
2024  1           72021.5231           72021.5231
2025  1           68688.4895           68688.4895
2026  1           84424.3949           84424.3949
2027  1          114338.1832          114338.1832
2028  1          131777.0515          131777.0515
2029  1          137170.0366          137170.0366
2030  1          139839.1623          139839.1623
2031  1          138951.5997          138951.5997
2032  1          134986.7771          134986.7771
2033  1          121843.2508          121843.2508
2034  1          108623.0167          108623.0167
2035  1           98838.6048           98838.6048
2036  1          100259.6781          100259.6781
2037  1          103020.7953          103020.7953
2038  1           98256.8999           98256.8999
2039  1          101181.8584          101181.8584
2040  1          104899.1647          104899.1647
2041  1          103231.7295          103231.7295
2042  1           94183.8894           94183.8894
2043  1           81616.0861           81616.0861
2044  1           80243.2468           80243.2468
2045  1           85019.1804           85019.1804
