2019  1           27992.4018           27992.4018
2020  1           26674.8019           26674.8019
2021  1           26490.2825           26490.2825
2022  1           25640.2678           25640.2678
2023  1           19282.6064           19282.6064
2024  1           14635.6427           14635.6427
2025  1           13887.0853           13887.0853
2026  1           12740.5619           12740.5619
2027  1           13512.4953           13512.4953
2028  1           13891.3277           13891.3277
2029  1           15898.9365           15898.9365
2030  1           20082.8312           20082.8312
2031  1           23063.0259           23063.0259
2032  1           23878.0200           23878.0200
2033  1           22598.9178           22598.9178
2034  1           21189.5411           21189.5411
2035  1           19992.0330           19992.0330
2036  1           18049.1934           18049.1934
2037  1           16407.4116           16407.4116
2038  1           15445.1754           15445.1754
2039  1           14989.6227           14989.6227
2040  1           14781.4462           14781.4462
2041  1           15271.2420           15271.2420
2042  1           15705.8860           15705.8860
2043  1           17146.9466           17146.9466
2044  1           20409.1964           20409.1964
2045  1           22605.0018           22605.0018
