2019  1           23892.2207           23892.2207
2020  1           27141.0174           27141.0174
2021  1           39453.5275           39453.5275
2022  1           50404.4970           50404.4970
2023  1           70983.2108           70983.2108
2024  1          100074.9057          100074.9057
2025  1          114286.5981          114286.5981
2026  1          118518.5150          118518.5150
2027  1          117270.8896          117270.8896
2028  1          108729.9336          108729.9336
2029  1           87985.1122           87985.1122
2030  1           71434.3822           71434.3822
2031  1           63794.5658           63794.5658
2032  1           57411.2633           57411.2633
2033  1           43897.1038           43897.1038
2034  1           34720.7496           34720.7496
2035  1           39121.1883           39121.1883
2036  1           54852.6347           54852.6347
2037  1           73980.5539           73980.5539
2038  1           82861.8568           82861.8568
2039  1           89919.3418           89919.3418
2040  1           93329.1840           93329.1840
2041  1           80379.3434           80379.3434
2042  1           70221.6193           70221.6193
2043  1           67868.2914           67868.2914
2044  1           94683.8232           94683.8232
2045  1          131671.6635          131671.6635
