2019  1           30056.5453           30056.5453
2020  1           30563.7084           30563.7084
2021  1           31281.1071           31281.1071
2022  1           31650.8268           31650.8268
2023  1           26983.7562           26983.7562
2024  1           28133.9069           28133.9069
2025  1           26048.7034           26048.7034
2026  1           19923.1797           19923.1797
2027  1           15003.1933           15003.1933
2028  1           16183.1928           16183.1928
2029  1           22872.7191           22872.7191
2030  1           25325.8966           25325.8966
2031  1           30488.0007           30488.0007
2032  1           32406.2293           32406.2293
2033  1           30448.3351           30448.3351
2034  1           29586.8942           29586.8942
2035  1           21123.0355           21123.0355
2036  1           15224.7919           15224.7919
2037  1           16227.2860           16227.2860
2038  1           17932.9583           17932.9583
2039  1           21501.2606           21501.2606
2040  1           24841.5907           24841.5907
2041  1           25789.6396           25789.6396
2042  1           26123.1639           26123.1639
2043  1           21563.9742           21563.9742
2044  1           19139.9840           19139.9840
2045  1           18124.9524           18124.9524
