2019  1           25959.5321           25959.5321
2020  1           25118.9391           25118.9391
2021  1           25218.9856           25218.9856
2022  1           23963.7269           23963.7269
2023  1           25309.8178           25309.8178
2024  1           31469.6136           31469.6136
2025  1           34935.1982           34935.1982
2026  1           35093.7267           35093.7267
2027  1           24797.2466           24797.2466
2028  1           13830.7211           13830.7211
2029  1            5271.5514            5271.5514
2030  1            3406.7316            3406.7316
2031  1            4073.3829            4073.3829
2032  1            2602.5511            2602.5511
2033  1            1837.6528            1837.6528
2034  1            3045.8839            3045.8839
2035  1            3604.1067            3604.1067
2036  1            2204.6032            2204.6032
2037  1            1498.9067            1498.9067
2038  1            3631.2167            3631.2167
2039  1            6142.2384            6142.2384
2040  1            6892.5614            6892.5614
2041  1            5472.5337            5472.5337
2042  1            6195.4761            6195.4761
2043  1            9123.5814            9123.5814
2044  1           12914.0567           12914.0567
2045  1           14020.7499           14020.7499
