2019  1           30056.5453           30056.5453
2020  1           30563.7084           30563.7084
2021  1           30389.5466           30389.5466
2022  1           29906.5388           29906.5388
2023  1           26186.4272           26186.4272
2024  1           27580.2102           27580.2102
2025  1           30934.8210           30934.8210
2026  1           29205.8357           29205.8357
2027  1           25486.4199           25486.4199
2028  1           26250.7314           26250.7314
2029  1           29572.3193           29572.3193
2030  1           29603.7013           29603.7013
2031  1           30746.6138           30746.6138
2032  1           29222.6123           29222.6123
2033  1           26731.1617           26731.1617
2034  1           25541.8103           25541.8103
2035  1           23991.6106           23991.6106
2036  1           22170.3043           22170.3043
2037  1           22649.1305           22649.1305
2038  1           23985.7247           23985.7247
2039  1           24603.2339           24603.2339
2040  1           25025.9298           25025.9298
2041  1           24626.2780           24626.2780
2042  1           23568.4719           23568.4719
2043  1           21605.6785           21605.6785
2044  1           20833.2104           20833.2104
2045  1           20789.6942           20789.6942
