2019  1           30056.5453           30056.5453
2020  1           30563.7084           30563.7084
2021  1           31868.8508           31868.8508
2022  1           32983.8758           32983.8758
2023  1           28563.8932           28563.8932
2024  1           28933.8341           28933.8341
2025  1           31048.8866           31048.8866
2026  1           28376.9724           28376.9724
2027  1           24941.2452           24941.2452
2028  1           25773.0410           25773.0410
2029  1           29231.0990           29231.0990
2030  1           29798.1144           29798.1144
2031  1           32839.8825           32839.8825
2032  1           32757.9529           32757.9529
2033  1           29250.3866           29250.3866
2034  1           27570.5149           27570.5149
2035  1           24601.9445           24601.9445
2036  1           21810.0880           21810.0880
2037  1           22866.5830           22866.5830
2038  1           24961.6468           24961.6468
2039  1           26536.2499           26536.2499
2040  1           27437.8770           27437.8770
2041  1           25617.1932           25617.1932
2042  1           23916.3830           23916.3830
2043  1           21518.6868           21518.6868
2044  1           20351.4995           20351.4995
2045  1           20301.0485           20301.0485
