2019  1           25257.6967           25257.6967
2020  1           24234.5235           24234.5235
2021  1           23851.7256           23851.7256
2022  1           23757.0262           23757.0262
2023  1           20620.4015           20620.4015
2024  1           20277.2592           20277.2592
2025  1           23882.3711           23882.3711
2026  1           24233.8387           24233.8387
2027  1           23007.3504           23007.3504
2028  1           21478.6161           21478.6161
2029  1           20604.9979           20604.9979
2030  1           19286.5891           19286.5891
2031  1           18095.5545           18095.5545
2032  1           17469.8361           17469.8361
2033  1           16565.4120           16565.4120
2034  1           14813.7093           14813.7093
2035  1           12504.4183           12504.4183
2036  1           11431.9433           11431.9433
2037  1           12584.3830           12584.3830
2038  1           17365.1794           17365.1794
2039  1           24410.9497           24410.9497
2040  1           29534.6744           29534.6744
2041  1           34068.3390           34068.3390
2042  1           37130.7942           37130.7942
2043  1           31595.5395           31595.5395
2044  1           24506.9199           24506.9199
2045  1           15726.5446           15726.5446
