2019  1           30056.5453           30056.5453
2020  1           30563.7084           30563.7084
2021  1           30428.0656           30428.0656
2022  1           29756.3458           29756.3458
2023  1           25803.0965           25803.0965
2024  1           27227.3979           27227.3979
2025  1           30952.1687           30952.1687
2026  1           28883.3731           28883.3731
2027  1           25595.1415           25595.1415
2028  1           26681.6851           26681.6851
2029  1           29852.3457           29852.3457
2030  1           30591.0331           30591.0331
2031  1           31404.0514           31404.0514
2032  1           29577.8363           29577.8363
2033  1           26885.8170           26885.8170
2034  1           25777.5092           25777.5092
2035  1           24061.3165           24061.3165
2036  1           22428.4885           22428.4885
2037  1           22414.9513           22414.9513
2038  1           23728.1013           23728.1013
2039  1           24236.1599           24236.1599
2040  1           24465.9844           24465.9844
2041  1           24023.9776           24023.9776
2042  1           23153.7249           23153.7249
2043  1           21438.3327           21438.3327
2044  1           20482.0252           20482.0252
2045  1           20482.6821           20482.6821
