2019  1           25266.5238           25266.5238
2020  1           28635.1933           28635.1933
2021  1           40913.8335           40913.8335
2022  1           65131.8518           65131.8518
2023  1           89171.7416           89171.7416
2024  1          103486.9545          103486.9545
2025  1           90100.0710           90100.0710
2026  1           86446.9885           86446.9885
2027  1           83391.3643           83391.3643
2028  1           76794.7987           76794.7987
2029  1           75347.4026           75347.4026
2030  1           73505.6286           73505.6286
2031  1           57508.2856           57508.2856
2032  1           44161.1259           44161.1259
2033  1           75835.5467           75835.5467
2034  1          114656.9035          114656.9035
2035  1          123042.1112          123042.1112
2036  1          118038.9635          118038.9635
2037  1          108879.5446          108879.5446
2038  1           96693.8156           96693.8156
2039  1           96139.7847           96139.7847
2040  1           93524.9493           93524.9493
2041  1           93457.9395           93457.9395
2042  1           95544.3123           95544.3123
2043  1           92853.9647           92853.9647
2044  1           84964.1472           84964.1472
2045  1           77600.5132           77600.5132
