2019  1           30056.5453           30056.5453
2020  1           30563.7084           30563.7084
2021  1           31273.2067           31273.2067
2022  1           31496.7433           31496.7433
2023  1           26852.8619           26852.8619
2024  1           27790.6118           27790.6118
2025  1           30767.6232           30767.6232
2026  1           28615.6992           28615.6992
2027  1           25016.7964           25016.7964
2028  1           25843.3238           25843.3238
2029  1           29279.8346           29279.8346
2030  1           29145.9647           29145.9647
2031  1           32136.0035           32136.0035
2032  1           32370.1880           32370.1880
2033  1           29125.9082           29125.9082
2034  1           27711.3212           27711.3212
2035  1           25071.4260           25071.4260
2036  1           22267.1472           22267.1472
2037  1           21857.2863           21857.2863
2038  1           22707.7882           22707.7882
2039  1           24768.1164           24768.1164
2040  1           26373.6792           26373.6792
2041  1           25687.8057           25687.8057
2042  1           24256.0499           24256.0499
2043  1           21907.0777           21907.0777
2044  1           20908.5169           20908.5169
2045  1           20819.8301           20819.8301
