2019  1           30056.5453           30056.5453
2020  1           30563.7084           30563.7084
2021  1           31550.6072           31550.6072
2022  1           32281.6543           32281.6543
2023  1           28344.1979           28344.1979
2024  1           29514.3587           29514.3587
2025  1           33538.7954           33538.7954
2026  1           32273.4964           32273.4964
2027  1           27698.3038           27698.3038
2028  1           27814.1132           27814.1132
2029  1           31640.6786           31640.6786
2030  1           32606.0494           32606.0494
2031  1           34905.9185           34905.9185
2032  1           34392.8841           34392.8841
2033  1           29792.6684           29792.6684
2034  1           27375.5231           27375.5231
2035  1           25800.2686           25800.2686
2036  1           24423.1035           24423.1035
2037  1           25373.9685           25373.9685
2038  1           27006.8499           27006.8499
2039  1           25893.0115           25893.0115
2040  1           24682.1085           24682.1085
2041  1           24097.1934           24097.1934
2042  1           22777.2464           22777.2464
2043  1           21023.8258           21023.8258
2044  1           20752.4235           20752.4235
2045  1           20994.2117           20994.2117
