2019  1           27916.2196           27916.2196
2020  1           31765.9003           31765.9003
2021  1           43488.1130           43488.1130
2022  1           58546.7417           58546.7417
2023  1           71295.0499           71295.0499
2024  1           78597.1854           78597.1854
2025  1           74073.4946           74073.4946
2026  1           78071.5763           78071.5763
2027  1           97235.9391           97235.9391
2028  1          112580.2276          112580.2276
2029  1          113404.0838          113404.0838
2030  1          106527.9792          106527.9792
2031  1           93021.1380           93021.1380
2032  1           83545.7404           83545.7404
2033  1           85238.3270           85238.3270
2034  1           83774.2863           83774.2863
2035  1           67232.1309           67232.1309
2036  1           52892.9721           52892.9721
2037  1           54376.4616           54376.4616
2038  1           55861.5263           55861.5263
2039  1           64770.9750           64770.9750
2040  1           85326.3309           85326.3309
2041  1          101690.2255          101690.2255
2042  1          107392.6205          107392.6205
2043  1          100347.0593          100347.0593
2044  1          100813.7697          100813.7697
2045  1          109612.6711          109612.6711
