2019  1           26177.4919           26177.4919
2020  1           26590.8569           26590.8569
2021  1           28618.8007           28618.8007
2022  1           29136.3059           29136.3059
2023  1           12819.1559           12819.1559
2024  1            4327.9309            4327.9309
2025  1            7248.6161            7248.6161
2026  1            6596.3024            6596.3024
2027  1            6002.9623            6002.9623
2028  1            5567.1583            5567.1583
2029  1            7856.0994            7856.0994
2030  1           14325.6056           14325.6056
2031  1           18027.0784           18027.0784
2032  1           21527.9333           21527.9333
2033  1           23531.1411           23531.1411
2034  1           26075.5404           26075.5404
2035  1           29215.5747           29215.5747
2036  1           30311.1325           30311.1325
2037  1           27356.9471           27356.9471
2038  1           26322.1934           26322.1934
2039  1           28265.5631           28265.5631
2040  1           27491.3060           27491.3060
2041  1           23268.7896           23268.7896
2042  1           21396.2129           21396.2129
2043  1           24021.1621           24021.1621
2044  1           28297.3572           28297.3572
2045  1           33695.5755           33695.5755
