2019  1           26100.8556           26100.8556
2020  1           25584.8136           25584.8136
2021  1           26191.3634           26191.3634
2022  1           27452.8099           27452.8099
2023  1           25409.2888           25409.2888
2024  1           21536.8919           21536.8919
2025  1           20542.2180           20542.2180
2026  1           20528.4954           20528.4954
2027  1           18126.9258           18126.9258
2028  1           15440.2607           15440.2607
2029  1           12417.5957           12417.5957
2030  1            8997.7441            8997.7441
2031  1            6410.2579            6410.2579
2032  1            4859.9162            4859.9162
2033  1            5159.9373            5159.9373
2034  1            5634.1346            5634.1346
2035  1            5889.5762            5889.5762
2036  1            5340.3524            5340.3524
2037  1            4918.6285            4918.6285
2038  1            4796.3958            4796.3958
2039  1            3970.1959            3970.1959
2040  1            4376.9877            4376.9877
2041  1            7811.3079            7811.3079
2042  1           10846.8853           10846.8853
2043  1           15678.8411           15678.8411
2044  1           22236.3195           22236.3195
2045  1           27309.3837           27309.3837
