2019  1           24226.2939           24226.2939
2020  1           22974.9878           22974.9878
2021  1           24774.1423           24774.1423
2022  1           25728.4829           25728.4829
2023  1           21722.2706           21722.2706
2024  1           19126.4997           19126.4997
2025  1           20940.5511           20940.5511
2026  1           22135.2090           22135.2090
2027  1           27246.6085           27246.6085
2028  1           34248.8879           34248.8879
2029  1           37498.2641           37498.2641
2030  1           38999.4616           38999.4616
2031  1           34119.2542           34119.2542
2032  1           27152.0214           27152.0214
2033  1           20624.2153           20624.2153
2034  1           17050.8248           17050.8248
2035  1           18952.1557           18952.1557
2036  1           19796.9864           19796.9864
2037  1           20421.5141           20421.5141
2038  1           21225.7074           21225.7074
2039  1           19884.9671           19884.9671
2040  1           18886.9042           18886.9042
2041  1           21326.8440           21326.8440
2042  1           22289.8136           22289.8136
2043  1           19465.4846           19465.4846
2044  1           16840.8300           16840.8300
2045  1           12577.1079           12577.1079
