2019  1           30138.6866           30138.6866
2020  1           34764.9856           34764.9856
2021  1           47380.5969           47380.5969
2022  1           62384.3224           62384.3224
2023  1           78090.7756           78090.7756
2024  1           91414.6780           91414.6780
2025  1           93205.4019           93205.4019
2026  1           91221.5022           91221.5022
2027  1          105092.7060          105092.7060
2028  1          131194.8501          131194.8501
2029  1          149006.8734          149006.8734
2030  1          168814.9631          168814.9631
2031  1          183190.3714          183190.3714
2032  1          185679.7738          185679.7738
2033  1          185385.4407          185385.4407
2034  1          183551.5673          183551.5673
2035  1          160300.8913          160300.8913
2036  1          130690.2120          130690.2120
2037  1          116794.7957          116794.7957
2038  1          104629.2953          104629.2953
2039  1           82845.4073           82845.4073
2040  1           69901.6742           69901.6742
2041  1           78570.1882           78570.1882
2042  1           83887.1971           83887.1971
2043  1           81005.8394           81005.8394
2044  1           86392.0379           86392.0379
2045  1           99495.3908           99495.3908
