2019  1           30056.5453           30056.5453
2020  1           30563.7084           30563.7084
2021  1           30541.9967           30541.9967
2022  1           30338.3436           30338.3436
2023  1           26754.3090           26754.3090
2024  1           28416.8792           28416.8792
2025  1           31692.6369           31692.6369
2026  1           29532.6078           29532.6078
2027  1           25756.6492           25756.6492
2028  1           26611.9810           26611.9810
2029  1           29792.7649           29792.7649
2030  1           29945.3331           29945.3331
2031  1           30976.9134           30976.9134
2032  1           29406.7303           29406.7303
2033  1           26790.6974           26790.6974
2034  1           25663.8646           25663.8646
2035  1           24014.6807           24014.6807
2036  1           22096.4590           22096.4590
2037  1           22334.5865           22334.5865
2038  1           23733.2770           23733.2770
2039  1           24145.8676           24145.8676
2040  1           24304.9473           24304.9473
2041  1           23923.2304           23923.2304
2042  1           23232.9119           23232.9119
2043  1           21332.4950           21332.4950
2044  1           21156.9678           21156.9678
2045  1           21392.5789           21392.5789
