2019  1           30056.5453           30056.5453
2020  1           30563.7084           30563.7084
2021  1           32066.9809           32066.9809
2022  1           33462.1508           33462.1508
2023  1           30520.9601           30520.9601
2024  1           32676.7260           32676.7260
2025  1           34453.9754           34453.9754
2026  1           31010.7876           31010.7876
2027  1           26232.8409           26232.8409
2028  1           26075.2858           26075.2858
2029  1           28908.1740           28908.1740
2030  1           28957.0437           28957.0437
2031  1           31762.7691           31762.7691
2032  1           31979.0459           31979.0459
2033  1           30596.7533           30596.7533
2034  1           30206.9911           30206.9911
2035  1           28237.0344           28237.0344
2036  1           26655.3651           26655.3651
2037  1           26775.5720           26775.5720
2038  1           28040.3035           28040.3035
2039  1           28213.3296           28213.3296
2040  1           28366.2720           28366.2720
2041  1           27075.7636           27075.7636
2042  1           25011.9562           25011.9562
2043  1           23660.4488           23660.4488
2044  1           23441.3204           23441.3204
2045  1           23673.8356           23673.8356
