2019  1           26166.0718           26166.0718
2020  1           24685.1433           24685.1433
2021  1           26290.6723           26290.6723
2022  1           26545.6998           26545.6998
2023  1           25306.3509           25306.3509
2024  1           23448.0466           23448.0466
2025  1           21917.8828           21917.8828
2026  1           22491.9351           22491.9351
2027  1           22609.6938           22609.6938
2028  1           23934.8665           23934.8665
2029  1           25215.6923           25215.6923
2030  1           24745.5498           24745.5498
2031  1           21249.1776           21249.1776
2032  1           16526.9554           16526.9554
2033  1           14222.6526           14222.6526
2034  1           11775.3299           11775.3299
2035  1           17016.1438           17016.1438
2036  1           26388.0609           26388.0609
2037  1           29692.5364           29692.5364
2038  1           31562.5633           31562.5633
2039  1           18078.6948           18078.6948
2040  1            7021.9810            7021.9810
2041  1            2092.9788            2092.9788
2042  1            2319.9303            2319.9303
2043  1            4027.5584            4027.5584
2044  1            5923.3734            5923.3734
2045  1            9674.6381            9674.6381
