2019  1           27337.9694           27337.9694
2020  1           31352.2002           31352.2002
2021  1           43473.0997           43473.0997
2022  1           64084.7196           64084.7196
2023  1           86118.8461           86118.8461
2024  1          100089.9241          100089.9241
2025  1           92977.2036           92977.2036
2026  1           88240.6223           88240.6223
2027  1           89452.1730           89452.1730
2028  1           85858.4164           85858.4164
2029  1           80922.4989           80922.4989
2030  1           78958.7447           78958.7447
2031  1           69738.8635           69738.8635
2032  1           60350.0674           60350.0674
2033  1           70624.6866           70624.6866
2034  1           81987.9003           81987.9003
2035  1           79336.5264           79336.5264
2036  1           78886.5717           78886.5717
2037  1           83573.6146           83573.6146
2038  1           87261.2989           87261.2989
2039  1           80448.0649           80448.0649
2040  1           69486.0971           69486.0971
2041  1           60431.5877           60431.5877
2042  1           62529.9244           62529.9244
2043  1           85279.2446           85279.2446
2044  1          104108.5356          104108.5356
2045  1          109868.1950          109868.1950
