2019  1           30056.5453           30056.5453
2020  1           29591.6632           29591.6632
2021  1           26421.7507           26421.7507
2022  1           22616.4040           22616.4040
2023  1           17308.0107           17308.0107
2024  1           14924.9249           14924.9249
2025  1           15365.9571           15365.9571
2026  1           13295.3591           13295.3591
2027  1           11776.9435           11776.9435
2028  1           12362.9444           12362.9444
2029  1           14475.2368           14475.2368
2030  1           14871.5586           14871.5586
2031  1           15852.9379           15852.9379
2032  1           15377.0153           15377.0153
2033  1           14134.2405           14134.2405
2034  1           13328.7574           13328.7574
2035  1           12059.5767           12059.5767
2036  1           10852.8474           10852.8474
2037  1           10609.8620           10609.8620
2038  1           10928.7556           10928.7556
2039  1           11117.8377           11117.8377
2040  1           11244.1519           11244.1519
2041  1           11161.7365           11161.7365
2042  1           10804.7287           10804.7287
2043  1            9941.5503            9941.5503
2044  1            9550.5697            9550.5697
2045  1            9439.6662            9439.6662
