2019  1           24973.4621           24973.4621
2020  1           24934.2479           24934.2479
2021  1           25046.3779           25046.3779
2022  1           24726.8829           24726.8829
2023  1           11140.0184           11140.0184
2024  1            3837.9589            3837.9589
2025  1            7059.0280            7059.0280
2026  1           14466.0904           14466.0904
2027  1           21747.6193           21747.6193
2028  1           29521.7187           29521.7187
2029  1           33052.1522           33052.1522
2030  1           33072.9873           33072.9873
2031  1           29989.9236           29989.9236
2032  1           31131.4916           31131.4916
2033  1           39315.5702           39315.5702
2034  1           46627.4378           46627.4378
2035  1           50836.1272           50836.1272
2036  1           49600.8576           49600.8576
2037  1           33751.8489           33751.8489
2038  1           39479.8416           39479.8416
2039  1           65124.7566           65124.7566
2040  1           78643.6827           78643.6827
2041  1           77236.2098           77236.2098
2042  1           72122.1788           72122.1788
2043  1           48427.6473           48427.6473
2044  1           25500.6818           25500.6818
2045  1           23653.8791           23653.8791
