2019  1           29448.0068           29448.0068
2020  1           29880.4123           29880.4123
2021  1           32733.9236           32733.9236
2022  1           37588.3191           37588.3191
2023  1           33399.2038           33399.2038
2024  1           29354.6701           29354.6701
2025  1           35644.2118           35644.2118
2026  1           38532.6720           38532.6720
2027  1           24207.6034           24207.6034
2028  1           13464.0542           13464.0542
2029  1           16219.7063           16219.7063
2030  1           20664.6945           20664.6945
2031  1           24237.2120           24237.2120
2032  1           29543.7056           29543.7056
2033  1           27203.9793           27203.9793
2034  1           24392.4889           24392.4889
2035  1           31021.3249           31021.3249
2036  1           35178.2675           35178.2675
2037  1           36830.6487           36830.6487
2038  1           45887.5782           45887.5782
2039  1           57398.2773           57398.2773
2040  1           65020.9654           65020.9654
2041  1           67876.9706           67876.9706
2042  1           65448.5370           65448.5370
2043  1           47641.5166           47641.5166
2044  1           39988.7684           39988.7684
2045  1           45893.9393           45893.9393
