2019  1           30056.5453           30056.5453
2020  1           30563.7084           30563.7084
2021  1           32962.8745           32962.8745
2022  1           34584.8437           34584.8437
2023  1           30579.3375           30579.3375
2024  1           31601.2500           31601.2500
2025  1           32189.2925           32189.2925
2026  1           27456.1475           27456.1475
2027  1           23610.2914           23610.2914
2028  1           24514.1212           24514.1212
2029  1           28032.2645           28032.2645
2030  1           28178.7271           28178.7271
2031  1           32165.7109           32165.7109
2032  1           33118.7110           33118.7110
2033  1           32405.7001           32405.7001
2034  1           32237.4469           32237.4469
2035  1           29771.1597           29771.1597
2036  1           27913.3627           27913.3627
2037  1           28166.8566           28166.8566
2038  1           29272.9023           29272.9023
2039  1           29718.3937           29718.3937
2040  1           29725.9769           29725.9769
2041  1           28552.4038           28552.4038
2042  1           27181.9525           27181.9525
2043  1           24525.1875           24525.1875
2044  1           23213.7994           23213.7994
2045  1           23519.9710           23519.9710
