2019  1           26783.2411           26783.2411
2020  1           30796.6073           30796.6073
2021  1           43184.5882           43184.5882
2022  1           55415.5183           55415.5183
2023  1           65435.5420           65435.5420
2024  1           75184.4900           75184.4900
2025  1           91194.0820           91194.0820
2026  1          113221.3451          113221.3451
2027  1          126757.0400          126757.0400
2028  1          139061.4774          139061.4774
2029  1          139735.8649          139735.8649
2030  1          133629.3310          133629.3310
2031  1          109336.2924          109336.2924
2032  1           89986.7386           89986.7386
2033  1           79772.6329           79772.6329
2034  1           70485.1683           70485.1683
2035  1           77400.6390           77400.6390
2036  1           87278.0838           87278.0838
2037  1           99161.4622           99161.4622
2038  1          101899.8798          101899.8798
2039  1          105189.2610          105189.2610
2040  1          119785.9665          119785.9665
2041  1          136326.3122          136326.3122
2042  1          155870.4161          155870.4161
2043  1          159666.3915          159666.3915
2044  1          150359.2857          150359.2857
2045  1          125788.3774          125788.3774
