2019  1           30056.5453           30056.5453
2020  1           30563.7084           30563.7084
2021  1           30297.4101           30297.4101
2022  1           29597.4348           29597.4348
2023  1           26024.2275           26024.2275
2024  1           27666.7422           27666.7422
2025  1           31479.4170           31479.4170
2026  1           29601.7682           29601.7682
2027  1           25940.4442           25940.4442
2028  1           26589.9540           26589.9540
2029  1           29721.2659           29721.2659
2030  1           30303.1365           30303.1365
2031  1           31342.3895           31342.3895
2032  1           29628.5457           29628.5457
2033  1           27029.0667           27029.0667
2034  1           26112.6306           26112.6306
2035  1           24555.2722           24555.2722
2036  1           22785.9726           22785.9726
2037  1           22796.7328           22796.7328
2038  1           23897.2447           23897.2447
2039  1           24318.2607           24318.2607
2040  1           24718.3057           24718.3057
2041  1           24504.6686           24504.6686
2042  1           23753.5279           23753.5279
2043  1           21923.5064           21923.5064
2044  1           21337.1147           21337.1147
2045  1           21115.0942           21115.0942
