2019  1           24653.4853           24653.4853
2020  1           23669.0733           23669.0733
2021  1           23284.5787           23284.5787
2022  1           21474.0591           21474.0591
2023  1           17258.2122           17258.2122
2024  1           14894.7486           14894.7486
2025  1           14444.8632           14444.8632
2026  1           14456.9984           14456.9984
2027  1           13145.5381           13145.5381
2028  1           12595.4305           12595.4305
2029  1           16135.0730           16135.0730
2030  1           18774.7464           18774.7464
2031  1           19163.5366           19163.5366
2032  1           19072.7594           19072.7594
2033  1           16130.8359           16130.8359
2034  1           14262.8020           14262.8020
2035  1           22687.2526           22687.2526
2036  1           35177.3790           35177.3790
2037  1           42577.6977           42577.6977
2038  1           45285.2194           45285.2194
2039  1           34687.4854           34687.4854
2040  1           22309.8634           22309.8634
2041  1            9946.9809            9946.9809
2042  1            5345.8566            5345.8566
2043  1            7261.5015            7261.5015
2044  1            8841.4044            8841.4044
2045  1           15674.5241           15674.5241
