2019  1           30096.5552           30096.5552
2020  1           34903.6908           34903.6908
2021  1           43634.6784           43634.6784
2022  1           50460.5558           50460.5558
2023  1           51799.7499           51799.7499
2024  1           51291.5003           51291.5003
2025  1           48687.5680           48687.5680
2026  1           44442.9121           44442.9121
2027  1           44508.3975           44508.3975
2028  1           48628.6587           48628.6587
2029  1           54232.7589           54232.7589
2030  1           58950.5494           58950.5494
2031  1           58985.1854           58985.1854
2032  1           64930.9839           64930.9839
2033  1           70787.8531           70787.8531
2034  1           68250.5911           68250.5911
2035  1           66156.8078           66156.8078
2036  1           65361.9841           65361.9841
2037  1           65186.8336           65186.8336
2038  1           73882.6461           73882.6461
2039  1           88410.4781           88410.4781
2040  1           98835.7854           98835.7854
2041  1           85716.5978           85716.5978
2042  1           67751.6487           67751.6487
2043  1           82594.9967           82594.9967
2044  1          108565.5781          108565.5781
2045  1          111921.1536          111921.1536
