2019  1           26783.2411           26783.2411
2020  1           26992.2128           26992.2128
2021  1           28265.1192           28265.1192
2022  1           28700.6349           28700.6349
2023  1           24462.1278           24462.1278
2024  1           21207.7236           21207.7236
2025  1           26175.7631           26175.7631
2026  1           33283.9851           33283.9851
2027  1           40804.2165           40804.2165
2028  1           47858.4439           47858.4439
2029  1           42418.4723           42418.4723
2030  1           35913.2266           35913.2266
2031  1           29424.6967           29424.6967
2032  1           24545.1420           24545.1420
2033  1           20866.0774           20866.0774
2034  1           16824.0868           16824.0868
2035  1           21681.0694           21681.0694
2036  1           27383.9280           27383.9280
2037  1           34617.3302           34617.3302
2038  1           38774.0022           38774.0022
2039  1           35503.2506           35503.2506
2040  1           37045.8520           37045.8520
2041  1           42573.8188           42573.8188
2042  1           49453.4610           49453.4610
2043  1           45687.1074           45687.1074
2044  1           38684.1531           38684.1531
2045  1           33096.9993           33096.9993
