2019  1           27413.1614           27413.1614
2020  1           31184.5037           31184.5037
2021  1           41087.8563           41087.8563
2022  1           51041.8983           51041.8983
2023  1           57292.3603           57292.3603
2024  1           91973.3379           91973.3379
2025  1          135162.2685          135162.2685
2026  1          152994.6943          152994.6943
2027  1          121318.7058          121318.7058
2028  1          104436.4319          104436.4319
2029  1          119821.3683          119821.3683
2030  1          131957.8403          131957.8403
2031  1          146542.6340          146542.6340
2032  1          148450.5621          148450.5621
2033  1          124103.2200          124103.2200
2034  1           92301.3492           92301.3492
2035  1           62526.4295           62526.4295
2036  1           39729.5130           39729.5130
2037  1           44831.2779           44831.2779
2038  1           68426.5435           68426.5435
2039  1           96631.5797           96631.5797
2040  1          112978.5546          112978.5546
2041  1          101468.6756          101468.6756
2042  1           96081.7736           96081.7736
2043  1           97477.1456           97477.1456
2044  1           96142.3695           96142.3695
2045  1           92795.6172           92795.6172
