2019  1           30056.5453           30056.5453
2020  1           29591.6632           29591.6632
2021  1           26181.4380           26181.4380
2022  1           22058.4658           22058.4658
2023  1           16536.1305           16536.1305
2024  1           14348.1582           14348.1582
2025  1           15714.9276           15714.9276
2026  1           14457.7735           14457.7735
2027  1           13423.8610           13423.8610
2028  1           14364.2147           14364.2147
2029  1           16543.4439           16543.4439
2030  1           17251.2969           17251.2969
2031  1           18385.3659           18385.3659
2032  1           18036.0050           18036.0050
2033  1           16682.9972           16682.9972
2034  1           15686.7342           15686.7342
2035  1           14155.1320           14155.1320
2036  1           12793.6636           12793.6636
2037  1           12628.1179           12628.1179
2038  1           13069.0006           13069.0006
2039  1           13308.0090           13308.0090
2040  1           13442.5235           13442.5235
2041  1           13358.7101           13358.7101
2042  1           12969.9596           12969.9596
2043  1           12065.9202           12065.9202
2044  1           11626.6429           11626.6429
2045  1           11332.1147           11332.1147
