2019  1           26759.6919           26759.6919
2020  1           26880.6972           26880.6972
2021  1           22127.8190           22127.8190
2022  1           17508.9712           17508.9712
2023  1           11478.2015           11478.2015
2024  1            8307.5536            8307.5536
2025  1            7269.2402            7269.2402
2026  1           11380.9016           11380.9016
2027  1           18950.0232           18950.0232
2028  1           24883.2494           24883.2494
2029  1           29094.8885           29094.8885
2030  1           34273.3633           34273.3633
2031  1           32584.4989           32584.4989
2032  1           31385.7949           31385.7949
2033  1           32818.9503           32818.9503
2034  1           31171.3649           31171.3649
2035  1           29475.1944           29475.1944
2036  1           31902.2819           31902.2819
2037  1           36054.6402           36054.6402
2038  1           37843.3195           37843.3195
2039  1           23671.9195           23671.9195
2040  1           23926.9767           23926.9767
2041  1           42562.3305           42562.3305
2042  1           52000.0299           52000.0299
2043  1           48304.1345           48304.1345
2044  1           40787.2433           40787.2433
2045  1           35327.5441           35327.5441
