2019  1           26270.8289           26270.8289
2020  1           25684.5716           25684.5716
2021  1           27746.3567           27746.3567
2022  1           32260.0143           32260.0143
2023  1           35350.4200           35350.4200
2024  1           36587.5831           36587.5831
2025  1           36455.8033           36455.8033
2026  1           33200.2274           33200.2274
2027  1           25060.6214           25060.6214
2028  1           26337.7574           26337.7574
2029  1           38551.8148           38551.8148
2030  1           46034.5330           46034.5330
2031  1           45627.8352           45627.8352
2032  1           45391.3497           45391.3497
2033  1           49207.9833           49207.9833
2034  1           51966.8873           51966.8873
2035  1           34260.7289           34260.7289
2036  1           21507.5113           21507.5113
2037  1           16487.8242           16487.8242
2038  1           14015.1909           14015.1909
2039  1           18413.8251           18413.8251
2040  1           19658.4061           19658.4061
2041  1           18689.5752           18689.5752
2042  1           15963.8979           15963.8979
2043  1           14352.2157           14352.2157
2044  1           12766.0401           12766.0401
2045  1           16985.9730           16985.9730
