   11458.799999999999       0.16400769286861910       0.36850926290633534     
   6898.6599999999999       0.55789746081861491       0.71698890443370145     
   3890.9200000000001        1.0002016944695622        1.1433118116313035     
   2806.1000000000004        1.4941780032702203        1.6114367276374231     
   2422.5000000000000        2.0136726642993246        2.0905701607288529     
   1124.1300000000001        2.5309915228645781        2.5576851571984647     
   1299.5000000000000        3.0252517059952027        2.9973608014381554     
   11090.196879445712       0.16400769286861910       0.23439178876150193     
   8345.7328989645048       0.55789746081861491       0.53072411091624028     
   4373.1519820469202        1.0002016944695622       0.92273769571719533     
   2263.9973230830947        1.4941780032702203        1.3742443911464337     
   1592.9172348745128        2.0136726642993246        1.8512549507615292     
   1377.6128672199168        2.5309915228645781        2.3267599908985579     
   1399.4400074372929        3.0252517059952027        2.7816509515742491     
   9820.5942954575785       0.16400769286861910       0.23439178876150193     
   8135.3561885886947       0.55789746081861491       0.53072411091624028     
   5311.6448416539579        1.0002016944695622       0.92273769571719533     
   2532.4041117732313        1.4941780032702203        1.3742443911464337     
   1269.9028725028552        2.0136726642993246        1.8512549507615292     
   891.20061489656518        2.5309915228645781        2.3267599908985579     
   1571.9317711236918        3.0252517059952027        2.7816509515742491     
   23569.819269438223       0.16400769286861910       0.23439178876150193     
   7204.6314964299090       0.55789746081861491       0.53072411091624028     
   5171.9046839373750        1.0002016944695622       0.92273769571719533     
   3065.0967607119369        1.4941780032702203        1.3742443911464337     
   1413.5739445792708        2.0136726642993246        1.8512549507615292     
   706.56407433456968        2.5309915228645781        2.3267599908985579     
   1388.5106689116790        3.0252517059952027        2.7816509515742491     
   7186.4609782187190       0.16400769286861910       0.23439178876150193     
   17278.008087009224       0.55789746081861491       0.53072411091624028     
   4691.4314362553387        1.0002016944695622       0.92273769571719533     
   3146.8427890637859        1.4941780032702203        1.3742443911464337     
   1830.2710814916957        2.0136726642993246        1.8512549507615292     
   846.10836527000470        2.5309915228645781        2.3267599908985579     
   1274.3599518886472        3.0252517059952027        2.7816509515742491     
   48064.640931393311       0.16400769286861910       0.23439178876150193     
   5262.4728056185359       0.55789746081861491       0.53072411091624028     
   11316.816513381229        1.0002016944695622       0.92273769571719533     
   2889.7676164263048        1.4941780032702203        1.3742443911464337     
   1908.3868338084733        2.0136726642993246        1.8512549507615292     
   1113.9784442232231        2.5309915228645781        2.3267599908985579     
   1310.8463660009675        3.0252517059952027        2.7816509515742491     
   4683.5464070958024       0.16400769286861910       0.23439178876150193     
   34837.638790801233       0.55789746081861491       0.53072411091624028     
   3179.7412530232036        1.0002016944695622       0.92273769571719533     
   6010.5865267932986        1.4941780032702203        1.3742443911464337     
   1469.3264466757876        2.0136726642993246        1.8512549507615292     
   966.49200938059778        2.5309915228645781        2.3267599908985579     
   1245.3745214171904        3.0252517059952027        2.7816509515742491     
   9864.3696366055301       0.16400769286861910       0.23439178876150193     
   3418.2897069901446       0.55789746081861491       0.53072411091624028     
   21455.379819076101        1.0002016944695622       0.92273769571719533     
   1731.9669298822032        1.4941780032702203        1.3742443911464337     
   3133.0605520449558        2.0136726642993246        1.8512549507615292     
   761.21704754887685        2.5309915228645781        2.3267599908985579     
   1159.3584988796238        3.0252517059952027        2.7816509515742491     
   13297.000064064330       0.16400769286861910       0.23439178876150193     
   7220.8153932917658       0.55789746081861491       0.53072411091624028     
   2193.3999236245286        1.0002016944695622       0.92273769571719533     
   12737.504764604930        1.4941780032702203        1.3742443911464337     
   1005.4781724942474        2.0136726642993246        1.8512549507615292     
   1822.5097692955592        2.5309915228645781        2.3267599908985579     
   1135.5570196098970        3.0252517059952027        2.7816509515742491     
   8201.7474657188013       0.16400769286861910       0.23439178876150193     
   9722.4816727790749       0.55789746081861491       0.53072411091624028     
   4587.0982368919640        1.0002016944695622       0.92273769571719533     
   1279.3691068353808        1.4941780032702203        1.3742443911464337     
   7243.7071776264938        2.0136726642993246        1.8512549507615292     
   572.69184880134173        2.5309915228645781        2.3267599908985579     
   1707.4373201363542        3.0252517059952027        2.7816509515742491     
   13098.611184602165       0.16400769286861910       0.23439178876150193     
   5992.4594265060396       0.55789746081861491       0.53072411091624028     
   6166.4413862604806        1.0002016944695622       0.92273769571719533     
   2667.1193501001098        1.4941780032702203        1.3742443911464337     
   724.83081542632624        2.0136726642993246        1.8512549507615292     
   4109.8751266699237        2.5309915228645781        2.3267599908985579     
   1318.9111903507760        3.0252517059952027        2.7816509515742491     
   13118.972365754249       0.16400769286861910       0.23439178876150193     
   9544.7171808056846       0.55789746081861491       0.53072411091624028     
   3750.1251586374765        1.0002016944695622       0.92273769571719533     
   3509.4140440080569        1.4941780032702203        1.3742443911464337     
   1475.3726514931618        2.0136726642993246        1.8512549507615292     
   401.54792343103958        2.5309915228645781        2.3267599908985579     
   3043.2697267143185        3.0252517059952027        2.7816509515742491     
   21671.099927505784       0.16400769286861910       0.23439178876150193     
   9554.5062838640442       0.55789746081861491       0.53072411091624028     
   5965.6493709349324        1.0002016944695622       0.92273769571719533     
   2131.2650489354992        1.4941780032702203        1.3742443911464337     
   1938.9140068472268        2.0136726642993246        1.8512549507615292     
   816.42555906565929        2.5309915228645781        2.3267599908985579     
   1950.1678032155153        3.0252517059952027        2.7816509515742491     
   5157.9536005896625       0.16400769286861910       0.23439178876150193     
   15766.319856723574       0.55789746081861491       0.53072411091624028     
   5961.2722876828857        1.0002016944695622       0.92273769571719533     
   3384.3387719749135        1.4941780032702203        1.3742443911464337     
   1175.8227733151009        2.0136726642993246        1.8512549507615292     
   1071.4984012511759        2.5309915228645781        2.3267599908985579     
   1559.0091697076225        3.0252517059952027        2.7816509515742491     
   6780.5481613809388       0.16400769286861910       0.23439178876150193     
   3805.3528519196802       0.55789746081861491       0.53072411091624028     
   10631.801528004868        1.0002016944695622       0.92273769571719533     
   3851.3719183768899        1.4941780032702203        1.3742443911464337     
   2165.8691031811381        2.0136726642993246        1.8512549507615292     
   755.95436533989562        2.5309915228645781        2.3267599908985579     
   1716.8223142854813        3.0252517059952027        2.7816509515742491     
   5296.1100495243272       0.16400769286861910       0.23439178876150193     
   5004.2654481401969       0.55789746081861491       0.53072411091624028     
   2567.6208488089483        1.0002016944695622       0.92273769571719533     
   6870.6340322252126        1.4941780032702203        1.3742443911464337     
   2464.6474383629707        2.0136726642993246        1.8512549507615292     
   1392.2629300783065        2.5309915228645781        2.3267599908985579     
   1616.1115054742313        3.0252517059952027        2.7816509515742491     
   8523.4662810541395       0.16400769286861910       0.23439178876150193     
   3865.9919882190384       0.55789746081861491       0.53072411091624028     
   3151.9218282755828        1.0002016944695622       0.92273769571719533     
   1477.6429336054123        1.4941780032702203        1.3742443911464337     
   3849.7545436523242        2.0136726642993246        1.8512549507615292     
   1383.6902032570692        2.5309915228645781        2.3267599908985579     
   1718.1109257436819        3.0252517059952027        2.7816509515742491     
   32245.607686876836       0.16400769286861910       0.23439178876150193     
   6150.2501037159836       0.55789746081861491       0.53072411091624028     
   2350.8374817768458        1.0002016944695622       0.92273769571719533     
   1727.3343344236996        1.4941780032702203        1.3742443911464337     
   787.60034277368538        2.0136726642993246        1.8512549507615292     
   2062.6042821335382        2.5309915228645781        2.3267599908985579     
   1699.1158550275500        3.0252517059952027        2.7816509515742491     
   19025.035000263120       0.16400769286861910       0.23439178876150193     
   23508.784424656267       0.55789746081861491       0.53072411091624028     
   3964.7314339447553        1.0002016944695622       0.92273769571719533     
   1419.5239507406043        1.4941780032702203        1.3742443911464337     
   1027.4961108058419        2.0136726642993246        1.8512549507615292     
   471.07352017619968        2.5309915228645781        2.3267599908985579     
   2285.6684162627716        3.0252517059952027        2.7816509515742491     
   5460.4604420243804       0.16400769286861910       0.23439178876150193     
   14013.010941279696       0.55789746081861491       0.53072411091624028     
   15768.968910502053        1.0002016944695622       0.92273769571719533     
   2542.6833728286247        1.4941780032702203        1.3742443911464337     
   901.49755136592535        2.0136726642993246        1.8512549507615292     
   655.60923843625335        2.5309915228645781        2.3267599908985579     
   1792.2351530643548        3.0252517059952027        2.7816509515742491     
   7537.9154237284210       0.16400769286861910       0.23439178876150193     
   4037.7541905485386       0.55789746081861491       0.53072411091624028     
   9372.8871321099832        1.0002016944695622       0.92273769571719533     
   9988.3454030522153        1.4941780032702203        1.3742443911464337     
   1585.6056397615021        2.0136726642993246        1.8512549507615292     
   563.23751163742679        2.5309915228645781        2.3267599908985579     
   1553.4259505648197        3.0252517059952027        2.7816509515742491     
   12406.430472242158       0.16400769286861910       0.23439178876150193     
   5559.8567774872026       0.55789746081861491       0.53072411091624028     
   2679.8291278682577        1.0002016944695622       0.92273769571719533     
   5867.1251081947212        1.4941780032702203        1.3742443911464337     
   6149.2951155576002        2.0136726642993246        1.8512549507615292     
   978.28908466792279        2.5309915228645781        2.3267599908985579     
   1327.5457248030614        3.0252517059952027        2.7816509515742491     
   15385.641898798043       0.16400769286861910       0.23439178876150193     
   9013.2998464486336       0.55789746081861491       0.53072411091624028     
   3441.3569203471316        1.0002016944695622       0.92273769571719533     
   1502.8878489175183        1.4941780032702203        1.3742443911464337     
   3198.0556697442867        2.0136726642993246        1.8512549507615292     
   3361.1213587815905        2.5309915228645781        2.3267599908985579     
   1285.1812107186415        3.0252517059952027        2.7816509515742491     
   14015.944887948004       0.16400769286861910       0.23439178876150193     
   11105.243249934709       0.55789746081861491       0.53072411091624028     
   5413.0448753147939        1.0002016944695622       0.92273769571719533     
   1836.2812895668933        1.4941780032702203        1.3742443911464337     
   774.55640080461114        2.0136726642993246        1.8512549507615292     
   1652.4136366005712        2.5309915228645781        2.3267599908985579     
   2438.5844661011752        3.0252517059952027        2.7816509515742491     
   6775.3796097679678       0.16400769286861910       0.23439178876150193     
   10241.094082484295       0.55789746081861491       0.53072411091624028     
   7160.1444072072654        1.0002016944695622       0.92273769571719533     
   3261.2421290105467        1.4941780032702203        1.3742443911464337     
   1087.9501156016618        2.0136726642993246        1.8512549507615292     
   461.09041224442791        2.5309915228645781        2.3267599908985579     
   2479.8078409076111        3.0252517059952027        2.7816509515742491     
   1345.9254610384587       0.16400769286861910       0.23439178876150193     
   4956.5492736437236       0.55789746081861491       0.53072411091624028     
   6610.6789478061100        1.0002016944695622       0.92273769571719533     
   4312.3763526690464        1.4941780032702203        1.3742443911464337     
   1929.1344532078836        2.0136726642993246        1.8512549507615292     
   646.11980358079131        2.5309915228645781        2.3267599908985579     
   1784.5367086774836        3.0252517059952027        2.7816509515742491     
   7018.4758088157578       0.16400769286861910       0.23439178876150193     
   987.91889826395686       0.55789746081861491       0.53072411091624028     
   3234.5650676820687        1.0002016944695622       0.92273769571719533     
   4045.6122257220159        1.4941780032702203        1.3742443911464337     
   2594.7583965229483        2.0136726642993246        1.8512549507615292     
   1165.0903035725796        2.5309915228645781        2.3267599908985579     
   1496.3314085348795        3.0252517059952027        2.7816509515742491     
