2019  1           26381.3616           26381.3616
2020  1           30209.2428           30209.2428
2021  1           42221.0015           42221.0015
2022  1           54328.3608           54328.3608
2023  1           60810.8965           60810.8965
2024  1           69368.2038           69368.2038
2025  1           75306.5957           75306.5957
2026  1           91084.9272           91084.9272
2027  1          130731.4488          130731.4488
2028  1          176200.9150          176200.9150
2029  1          198182.0799          198182.0799
2030  1          203362.3750          203362.3750
2031  1          186888.6788          186888.6788
2032  1          165273.9073          165273.9073
2033  1          139659.7038          139659.7038
2034  1          110603.7561          110603.7561
2035  1           91966.5511           91966.5511
2036  1           82301.5891           82301.5891
2037  1           77354.8286           77354.8286
2038  1           70610.3994           70610.3994
2039  1           79352.8967           79352.8967
2040  1           89782.6614           89782.6614
2041  1           90125.2862           90125.2862
2042  1          143286.8245          143286.8245
2043  1          243203.1693          243203.1693
2044  1          314649.5033          314649.5033
2045  1          339252.1267          339252.1267
