2019  1           24999.6476           24999.6476
2020  1           28832.2400           28832.2400
2021  1           41550.3806           41550.3806
2022  1           59909.1837           59909.1837
2023  1           76526.4441           76526.4441
2024  1           86262.8361           86262.8361
2025  1           78388.5373           78388.5373
2026  1           67710.0327           67710.0327
2027  1           61711.1162           61711.1162
2028  1           57382.3562           57382.3562
2029  1           62605.7246           62605.7246
2030  1           83035.3167           83035.3167
2031  1          125765.5595          125765.5595
2032  1          167034.5351          167034.5351
2033  1          179255.6277          179255.6277
2034  1          179030.5630          179030.5630
2035  1          154992.3872          154992.3872
2036  1          130383.0732          130383.0732
2037  1          115072.9462          115072.9462
2038  1          105330.1010          105330.1010
2039  1          115982.3810          115982.3810
2040  1          121220.1540          121220.1540
2041  1          128187.4045          128187.4045
2042  1          159941.2280          159941.2280
2043  1          189197.9059          189197.9059
2044  1          207810.8141          207810.8141
2045  1          210553.6937          210553.6937
