2019  1           30056.5453           30056.5453
2020  1           29591.6632           29591.6632
2021  1           24351.4614           24351.4614
2022  1           19306.9801           19306.9801
2023  1           13385.9217           13385.9217
2024  1           11278.5476           11278.5476
2025  1           10861.7831           10861.7831
2026  1            7586.4306            7586.4306
2027  1            4788.6695            4788.6695
2028  1            6571.7236            6571.7236
2029  1            8852.9328            8852.9328
2030  1           12242.9995           12242.9995
2031  1           15038.2998           15038.2998
2032  1           16370.1888           16370.1888
2033  1           16641.1729           16641.1729
2034  1           17026.9347           17026.9347
2035  1           11692.0473           11692.0473
2036  1            7098.1335            7098.1335
2037  1            4693.8606            4693.8606
2038  1            4236.9639            4236.9639
2039  1            4862.7205            4862.7205
2040  1            4467.9370            4467.9370
2041  1            4922.7492            4922.7492
2042  1            5019.3326            5019.3326
2043  1            4216.4252            4216.4252
2044  1            4464.3206            4464.3206
2045  1            5545.8300            5545.8300
