2019  1           30056.5453           30056.5453
2020  1           29591.6632           29591.6632
2021  1           22839.9186           22839.9186
2022  1           17459.3623           17459.3623
2023  1           14175.2340           14175.2340
2024  1           13512.3418           13512.3418
2025  1           15712.2646           15712.2646
2026  1           15526.3887           15526.3887
2027  1           14591.7449           14591.7449
2028  1           15329.7379           15329.7379
2029  1           15650.8376           15650.8376
2030  1           14386.3951           14386.3951
2031  1           16015.2435           16015.2435
2032  1           16262.8131           16262.8131
2033  1           15931.6904           15931.6904
2034  1           15884.2692           15884.2692
2035  1           11366.8081           11366.8081
2036  1            7418.6973            7418.6973
2037  1            5385.9521            5385.9521
2038  1            4320.6862            4320.6862
2039  1            4794.3267            4794.3267
2040  1            4339.0066            4339.0066
2041  1            4861.4659            4861.4659
2042  1            4958.8133            4958.8133
2043  1            4167.5248            4167.5248
2044  1            4421.2276            4421.2276
2045  1            5500.1529            5500.1529
