2019  1           22802.3790           22802.3790
2020  1           25910.0330           25910.0330
2021  1           37826.0779           37826.0779
2022  1           55994.9448           55994.9448
2023  1           82281.2825           82281.2825
2024  1          105741.9630          105741.9630
2025  1          106518.5617          106518.5617
2026  1           98806.2190           98806.2190
2027  1           87454.2883           87454.2883
2028  1           75189.9670           75189.9670
2029  1           61463.5431           61463.5431
2030  1           77519.9491           77519.9491
2031  1          122054.3308          122054.3308
2032  1          147218.6214          147218.6214
2033  1          143378.4431          143378.4431
2034  1          129473.2818          129473.2818
2035  1          117970.8894          117970.8894
2036  1          105187.8742          105187.8742
2037  1           82880.3583           82880.3583
2038  1           73355.6281           73355.6281
2039  1           76881.8934           76881.8934
2040  1           77234.6078           77234.6078
2041  1           72893.4017           72893.4017
2042  1           69093.7204           69093.7204
2043  1           79343.8519           79343.8519
2044  1           96310.6560           96310.6560
2045  1          108651.5070          108651.5070
