2019  1           30056.5453           30056.5453
2020  1           30563.7084           30563.7084
2021  1           30345.9077           30345.9077
2022  1           29695.0431           29695.0431
2023  1           25794.5676           25794.5676
2024  1           27631.9815           27631.9815
2025  1           31311.5168           31311.5168
2026  1           29114.3270           29114.3270
2027  1           25580.6433           25580.6433
2028  1           26354.4882           26354.4882
2029  1           29239.5595           29239.5595
2030  1           29188.0552           29188.0552
2031  1           30499.7624           30499.7624
2032  1           29012.8204           29012.8204
2033  1           26225.5887           26225.5887
2034  1           25081.3197           25081.3197
2035  1           23715.3472           23715.3472
2036  1           22233.6262           22233.6262
2037  1           22493.3872           22493.3872
2038  1           23460.5371           23460.5371
2039  1           24469.1888           24469.1888
2040  1           24789.6795           24789.6795
2041  1           24459.2021           24459.2021
2042  1           23592.3619           23592.3619
2043  1           21636.1628           21636.1628
2044  1           21003.5270           21003.5270
2045  1           21014.9650           21014.9650
