2019  1           30056.5453           30056.5453
2020  1           30563.7084           30563.7084
2021  1           32465.5954           32465.5954
2022  1           34165.1837           34165.1837
2023  1           32028.8982           32028.8982
2024  1           34045.6959           34045.6959
2025  1           36885.9108           36885.9108
2026  1           35457.7044           35457.7044
2027  1           32293.7710           32293.7710
2028  1           32664.7123           32664.7123
2029  1           35764.6343           35764.6343
2030  1           36388.8161           36388.8161
2031  1           38128.3669           38128.3669
2032  1           37021.2553           37021.2553
2033  1           34378.5962           34378.5962
2034  1           32197.9275           32197.9275
2035  1           29129.0412           29129.0412
2036  1           26665.4893           26665.4893
2037  1           26877.8897           26877.8897
2038  1           28385.9398           28385.9398
2039  1           28895.6778           28895.6778
2040  1           29257.7175           29257.7175
2041  1           29083.2139           29083.2139
2042  1           28374.2491           28374.2491
2043  1           26527.6360           26527.6360
2044  1           25752.0471           25752.0471
2045  1           24925.1198           24925.1198
