2019  1           30056.5453           30056.5453
2020  1           29591.6632           29591.6632
2021  1           26574.7218           26574.7218
2022  1           22821.7083           22821.7083
2023  1           17296.6449           17296.6449
2024  1           14939.2909           14939.2909
2025  1           15223.4954           15223.4954
2026  1           13162.5795           13162.5795
2027  1           11510.6986           11510.6986
2028  1           12301.1769           12301.1769
2029  1           14514.1844           14514.1844
2030  1           15145.9779           15145.9779
2031  1           15615.6074           15615.6074
2032  1           14612.0639           14612.0639
2033  1           12890.6446           12890.6446
2034  1           11719.4098           11719.4098
2035  1           10419.9540           10419.9540
2036  1            9147.3908            9147.3908
2037  1            8860.0407            8860.0407
2038  1            9111.1052            9111.1052
2039  1            9243.2027            9243.2027
2040  1            9333.2702            9333.2702
2041  1            9243.2750            9243.2750
2042  1            8908.7596            8908.7596
2043  1            8178.1278            8178.1278
2044  1            7926.8142            7926.8142
2045  1            8062.8132            8062.8132
