2019  1           25257.6967           25257.6967
2020  1           25172.5046           25172.5046
2021  1           27930.2807           27930.2807
2022  1           32674.8708           32674.8708
2023  1           38873.1205           38873.1205
2024  1           48111.9590           48111.9590
2025  1           55256.5923           55256.5923
2026  1           55584.7881           55584.7881
2027  1           37395.8064           37395.8064
2028  1           25822.6232           25822.6232
2029  1           27103.3676           27103.3676
2030  1           28130.3019           28130.3019
2031  1           28045.7510           28045.7510
2032  1           28338.6629           28338.6629
2033  1           29536.8449           29536.8449
2034  1           28790.1368           28790.1368
2035  1           22542.8019           22542.8019
2036  1           19303.6487           19303.6487
2037  1           23599.4009           23599.4009
2038  1           34058.7679           34058.7679
2039  1           48335.4213           48335.4213
2040  1           58738.8700           58738.8700
2041  1           65614.2926           65614.2926
2042  1           69542.9263           69542.9263
2043  1           62872.5211           62872.5211
2044  1           53111.7092           53111.7092
2045  1           31474.1563           31474.1563
