2019  1           24949.9813           24949.9813
2020  1           24200.5795           24200.5795
2021  1           23224.0441           23224.0441
2022  1           21279.0552           21279.0552
2023  1           11707.9694           11707.9694
2024  1            5049.9714            5049.9714
2025  1            6249.0570            6249.0570
2026  1            4674.4761            4674.4761
2027  1            3956.9179            3956.9179
2028  1            3121.6859            3121.6859
2029  1            5755.9297            5755.9297
2030  1            8907.2912            8907.2912
2031  1           12335.8689           12335.8689
2032  1           13770.5933           13770.5933
2033  1           12073.6091           12073.6091
2034  1           10373.2639           10373.2639
2035  1           11796.9971           11796.9971
2036  1           11915.6100           11915.6100
2037  1           17994.5036           17994.5036
2038  1           26542.1463           26542.1463
2039  1           30718.3719           30718.3719
2040  1           31865.0652           31865.0652
2041  1           26852.2770           26852.2770
2042  1           20468.0276           20468.0276
2043  1           16834.7973           16834.7973
2044  1           13174.8339           13174.8339
2045  1           11230.3873           11230.3873
