2019  1           29044.4236           29044.4236
2020  1           27848.8725           27848.8725
2021  1           27513.8995           27513.8995
2022  1           25735.4732           25735.4732
2023  1           22027.9008           22027.9008
2024  1           18044.7336           18044.7336
2025  1           15945.5734           15945.5734
2026  1           14991.8843           14991.8843
2027  1           16707.7217           16707.7217
2028  1           20068.4427           20068.4427
2029  1           25086.4085           25086.4085
2030  1           29848.4972           29848.4972
2031  1           31507.3729           31507.3729
2032  1           31108.3916           31108.3916
2033  1           29437.4744           29437.4744
2034  1           26110.8761           26110.8761
2035  1           20221.5188           20221.5188
2036  1           13945.2793           13945.2793
2037  1           10153.5240           10153.5240
2038  1            7759.7145            7759.7145
2039  1            8847.0971            8847.0971
2040  1           10661.5891           10661.5891
2041  1           13160.7757           13160.7757
2042  1           15412.9257           15412.9257
2043  1           16548.1314           16548.1314
2044  1           19021.9918           19021.9918
2045  1           23377.9650           23377.9650
