2019  1           26166.0718           26166.0718
2020  1           25622.6578           25622.6578
2021  1           29955.3468           29955.3468
2022  1           32924.2693           32924.2693
2023  1           33835.7356           33835.7356
2024  1           33979.9544           33979.9544
2025  1           32820.6711           32820.6711
2026  1           35876.5419           35876.5419
2027  1           40364.3807           40364.3807
2028  1           46813.3476           46813.3476
2029  1           49781.9748           49781.9748
2030  1           49223.7400           49223.7400
2031  1           42270.8430           42270.8430
2032  1           32905.2120           32905.2120
2033  1           23455.6775           23455.6775
2034  1           16249.5131           16249.5131
2035  1           29075.6238           29075.6238
2036  1           49503.9333           49503.9333
2037  1           57720.5775           57720.5775
2038  1           62638.0996           62638.0996
2039  1           39606.6850           39606.6850
2040  1           18928.7930           18928.7930
2041  1           15073.7798           15073.7798
2042  1           11845.7107           11845.7107
2043  1           16436.8283           16436.8283
2044  1           23567.4294           23567.4294
2045  1           35420.7906           35420.7906
