2019  1           30056.5453           30056.5453
2020  1           30563.7084           30563.7084
2021  1           30524.8646           30524.8646
2022  1           30278.2155           30278.2155
2023  1           27036.0704           27036.0704
2024  1           29132.5811           29132.5811
2025  1           33784.9172           33784.9172
2026  1           33912.0862           33912.0862
2027  1           30230.8273           30230.8273
2028  1           30603.6069           30603.6069
2029  1           33971.1499           33971.1499
2030  1           34649.9106           34649.9106
2031  1           37313.3728           37313.3728
2032  1           36952.4450           36952.4450
2033  1           32560.5872           32560.5872
2034  1           29873.5822           29873.5822
2035  1           26462.4519           26462.4519
2036  1           23843.0725           23843.0725
2037  1           24870.9825           24870.9825
2038  1           27055.6807           27055.6807
2039  1           28285.1672           28285.1672
2040  1           29165.8976           29165.8976
2041  1           26537.8895           26537.8895
2042  1           23501.0215           23501.0215
2043  1           19779.3070           19779.3070
2044  1           18169.6654           18169.6654
2045  1           20399.4780           20399.4780
