2019  1           23836.9000           23836.9000
2020  1           26897.9974           26897.9974
2021  1           38629.2275           38629.2275
2022  1           52051.0945           52051.0945
2023  1           61482.3456           61482.3456
2024  1           72674.4880           72674.4880
2025  1           73862.0482           73862.0482
2026  1           93690.2031           93690.2031
2027  1          128558.0096          128558.0096
2028  1          147898.7383          147898.7383
2029  1          131476.5092          131476.5092
2030  1          121992.2286          121992.2286
2031  1          150489.1086          150489.1086
2032  1          173633.0421          173633.0421
2033  1          171463.4065          171463.4065
2034  1          156964.6854          156964.6854
2035  1          132148.3847          132148.3847
2036  1          111507.6385          111507.6385
2037  1           87931.2667           87931.2667
2038  1           69976.7587           69976.7587
2039  1           78447.4628           78447.4628
2040  1           90633.8663           90633.8663
2041  1           88700.3245           88700.3245
2042  1          112943.6844          112943.6844
2043  1          143230.9765          143230.9765
2044  1          153423.8121          153423.8121
2045  1          154449.8794          154449.8794
