2019  1           30056.5453           30056.5453
2020  1           29591.6632           29591.6632
2021  1           22726.3309           22726.3309
2022  1           16891.3593           16891.3593
2023  1           10586.2427           10586.2427
2024  1            8605.6007            8605.6007
2025  1           11694.2932           11694.2932
2026  1           11458.8605           11458.8605
2027  1            8759.7158            8759.7158
2028  1            8348.3831            8348.3831
2029  1           11618.9936           11618.9936
2030  1           12833.1495           12833.1495
2031  1           15351.3254           15351.3254
2032  1           16415.4162           16415.4162
2033  1           16568.4109           16568.4109
2034  1           16858.2216           16858.2216
2035  1           12005.5858           12005.5858
2036  1            7769.0032            7769.0032
2037  1            5481.2918            5481.2918
2038  1            4274.7672            4274.7672
2039  1            4784.2943            4784.2943
2040  1            4334.7296            4334.7296
2041  1            4871.0243            4871.0243
2042  1            4973.5575            4973.5575
2043  1            4180.4836            4180.4836
2044  1            4432.9419            4432.9419
2045  1            5510.4241            5510.4241
