2019  1           30056.5453           30056.5453
2020  1           30563.7084           30563.7084
2021  1           32741.1286           32741.1286
2022  1           34427.4757           34427.4757
2023  1           25442.7185           25442.7185
2024  1           23045.0412           23045.0412
2025  1           29220.3156           29220.3156
2026  1           30481.2613           30481.2613
2027  1           22376.1897           22376.1897
2028  1           20876.9373           20876.9373
2029  1           27557.0724           27557.0724
2030  1           31457.9448           31457.9448
2031  1           32519.9640           32519.9640
2032  1           30421.8146           30421.8146
2033  1           29509.3271           29509.3271
2034  1           29433.7420           29433.7420
2035  1           22226.4984           22226.4984
2036  1           16453.2835           16453.2835
2037  1           19190.5450           19190.5450
2038  1           22920.2935           22920.2935
2039  1           24329.2538           24329.2538
2040  1           24934.2621           24934.2621
2041  1           26470.1471           26470.1471
2042  1           26812.2379           26812.2379
2043  1           20944.1566           20944.1566
2044  1           17778.2553           17778.2553
2045  1           19642.1061           19642.1061
