2019  1           30056.5453           30056.5453
2020  1           30563.7084           30563.7084
2021  1           31301.8232           31301.8232
2022  1           31751.2333           31751.2333
2023  1           28951.0623           28951.0623
2024  1           31141.7298           31141.7298
2025  1           29263.3796           29263.3796
2026  1           23145.9757           23145.9757
2027  1           20259.4245           20259.4245
2028  1           22215.5533           22215.5533
2029  1           29185.2375           29185.2375
2030  1           33245.7111           33245.7111
2031  1           37092.6328           37092.6328
2032  1           37389.8465           37389.8465
2033  1           31928.1010           31928.1010
2034  1           28248.6075           28248.6075
2035  1           26472.0275           26472.0275
2036  1           25144.2622           25144.2622
2037  1           26225.8784           26225.8784
2038  1           27998.8005           27998.8005
2039  1           27622.2872           27622.2872
2040  1           27113.1960           27113.1960
2041  1           21725.1284           21725.1284
2042  1           16776.4435           16776.4435
2043  1           17351.9855           17351.9855
2044  1           18849.7710           18849.7710
2045  1           20787.0285           20787.0285
