2019  1           30056.5453           30056.5453
2020  1           30563.7084           30563.7084
2021  1           31835.9558           31835.9558
2022  1           33059.7768           33059.7768
2023  1           30339.9897           30339.9897
2024  1           32464.0028           32464.0028
2025  1           33427.1355           33427.1355
2026  1           29669.8468           29669.8468
2027  1           25210.3248           25210.3248
2028  1           25657.2337           25657.2337
2029  1           29271.9002           29271.9002
2030  1           29593.6734           29593.6734
2031  1           32749.7802           32749.7802
2032  1           32888.3363           32888.3363
2033  1           31705.6166           31705.6166
2034  1           31215.8232           31215.8232
2035  1           28626.9282           28626.9282
2036  1           26440.5884           26440.5884
2037  1           26430.3088           26430.3088
2038  1           27609.9914           27609.9914
2039  1           28172.3949           28172.3949
2040  1           28291.5051           28291.5051
2041  1           26737.6497           26737.6497
2042  1           24498.4936           24498.4936
2043  1           23416.8412           23416.8412
2044  1           23326.1634           23326.1634
2045  1           23582.4833           23582.4833
