2019  1           30056.5453           30056.5453
2020  1           30563.7084           30563.7084
2021  1           32052.6679           32052.6679
2022  1           32980.8510           32980.8510
2023  1           27993.9524           27993.9524
2024  1           28914.2968           28914.2968
2025  1           31552.5447           31552.5447
2026  1           28841.2903           28841.2903
2027  1           24939.3475           24939.3475
2028  1           25477.8373           25477.8373
2029  1           28858.6629           28858.6629
2030  1           29034.8947           29034.8947
2031  1           31915.3760           31915.3760
2032  1           32153.2138           32153.2138
2033  1           28952.7473           28952.7473
2034  1           27231.6307           27231.6307
2035  1           24376.3482           24376.3482
2036  1           21830.7863           21830.7863
2037  1           23060.3752           23060.3752
2038  1           25316.4784           25316.4784
2039  1           26807.2735           26807.2735
2040  1           28159.2591           28159.2591
2041  1           28372.5604           28372.5604
2042  1           27703.0718           27703.0718
2043  1           24085.0645           24085.0645
2044  1           21731.7717           21731.7717
2045  1           20818.5346           20818.5346
