2019  1           30056.5453           30056.5453
2020  1           30563.7084           30563.7084
2021  1           31664.7770           31664.7770
2022  1           32581.8759           32581.8759
2023  1           26045.8963           26045.8963
2024  1           25442.0318           25442.0318
2025  1           27347.4648           27347.4648
2026  1           23751.6383           23751.6383
2027  1           19757.0245           19757.0245
2028  1           21246.7124           21246.7124
2029  1           27782.4559           27782.4559
2030  1           31299.2254           31299.2254
2031  1           35295.8611           35295.8611
2032  1           35812.8297           35812.8297
2033  1           33524.9117           33524.9117
2034  1           31961.8231           31961.8231
2035  1           28897.9800           28897.9800
2036  1           26466.5277           26466.5277
2037  1           26453.2373           26453.2373
2038  1           27717.8061           27717.8061
2039  1           28348.8955           28348.8955
2040  1           28390.8156           28390.8156
2041  1           28216.9310           28216.9310
2042  1           27488.4891           27488.4891
2043  1           25537.8942           25537.8942
2044  1           24751.9453           24751.9453
2045  1           24129.6984           24129.6984
