2019  1           27413.1614           27413.1614
2020  1           27422.0024           27422.0024
2021  1           30270.0945           30270.0945
2022  1           33078.3539           33078.3539
2023  1           36774.6507           36774.6507
2024  1           41241.4219           41241.4219
2025  1           44276.2699           44276.2699
2026  1           46410.1207           46410.1207
2027  1           37431.2408           37431.2408
2028  1           29771.7207           29771.7207
2029  1           22524.5965           22524.5965
2030  1           13597.0183           13597.0183
2031  1           18164.7356           18164.7356
2032  1           25192.3870           25192.3870
2033  1           32940.6665           32940.6665
2034  1           38688.4820           38688.4820
2035  1           29604.4119           29604.4119
2036  1           20703.2256           20703.2256
2037  1           22367.9186           22367.9186
2038  1           26933.0766           26933.0766
2039  1           31168.3861           31168.3861
2040  1           33377.8492           33377.8492
2041  1           21618.5721           21618.5721
2042  1           12487.8355           12487.8355
2043  1            4391.0869            4391.0869
2044  1            4156.1962            4156.1962
2045  1            8546.7487            8546.7487
