2019  1           25152.3961           25152.3961
2020  1           23480.0739           23480.0739
2021  1           22511.8375           22511.8375
2022  1           23590.1742           23590.1742
2023  1           26237.2676           26237.2676
2024  1           25649.5838           25649.5838
2025  1           22241.2948           22241.2948
2026  1           25679.8895           25679.8895
2027  1           33405.0822           33405.0822
2028  1           37402.5408           37402.5408
2029  1           40335.6463           40335.6463
2030  1           39902.1051           39902.1051
2031  1           26168.2036           26168.2036
2032  1           17078.2346           17078.2346
2033  1           17611.7989           17611.7989
2034  1           19058.1476           19058.1476
2035  1           20852.5287           20852.5287
2036  1           26640.9190           26640.9190
2037  1           36504.0279           36504.0279
2038  1           43114.5583           43114.5583
2039  1           39555.3006           39555.3006
2040  1           35288.2170           35288.2170
2041  1           33790.1660           33790.1660
2042  1           30875.0534           30875.0534
2043  1           21739.8034           21739.8034
2044  1           12969.8653           12969.8653
2045  1            6172.0233            6172.0233
