2019  1           24735.9020           24735.9020
2020  1           28119.6798           28119.6798
2021  1           40757.9039           40757.9039
2022  1           81246.9614           81246.9614
2023  1          132843.5447          132843.5447
2024  1          163546.7407          163546.7407
2025  1          167660.7880          167660.7880
2026  1          161969.5768          161969.5768
2027  1          147373.8805          147373.8805
2028  1          133701.6418          133701.6418
2029  1          114035.6073          114035.6073
2030  1          103732.3232          103732.3232
2031  1          106948.9835          106948.9835
2032  1          111855.0129          111855.0129
2033  1          117791.7575          117791.7575
2034  1          118359.0806          118359.0806
2035  1          111777.9378          111777.9378
2036  1          107417.0452          107417.0452
2037  1          101476.4510          101476.4510
2038  1           92105.5497           92105.5497
2039  1           99822.6494           99822.6494
2040  1          113019.6763          113019.6763
2041  1          123823.5413          123823.5413
2042  1          137182.6278          137182.6278
2043  1          140026.8991          140026.8991
2044  1          142020.1454          142020.1454
2045  1          135496.0256          135496.0256
