2019  1           26666.7256           26666.7256
2020  1           30531.5498           30531.5498
2021  1           43005.4579           43005.4579
2022  1           56437.0982           56437.0982
2023  1           64645.7406           64645.7406
2024  1           78905.8880           78905.8880
2025  1           90059.3245           90059.3245
2026  1           94878.3580           94878.3580
2027  1          103130.7471          103130.7471
2028  1          112976.2644          112976.2644
2029  1          102816.0469          102816.0469
2030  1           93114.1950           93114.1950
2031  1          100627.1642          100627.1642
2032  1          106400.6111          106400.6111
2033  1          104509.7932          104509.7932
2034  1           97850.6829           97850.6829
2035  1          122672.2040          122672.2040
2036  1          160898.1391          160898.1391
2037  1          170621.3633          170621.3633
2038  1          171426.6998          171426.6998
2039  1          132307.5299          132307.5299
2040  1           95048.9834           95048.9834
2041  1           78084.5347           78084.5347
2042  1           55585.0305           55585.0305
2043  1           44591.0256           44591.0256
2044  1           39452.4237           39452.4237
2045  1           48309.1119           48309.1119
