2019  1           22355.1800           22355.1800
2020  1           25695.0677           25695.0677
2021  1           35312.8493           35312.8493
2022  1           43387.6394           43387.6394
2023  1           46020.6342           46020.6342
2024  1           46637.4677           46637.4677
2025  1           43925.7729           43925.7729
2026  1           40929.5511           40929.5511
2027  1           41675.4479           41675.4479
2028  1           45324.8099           45324.8099
2029  1           50496.2086           50496.2086
2030  1           54339.5540           54339.5540
2031  1           54454.6457           54454.6457
2032  1           60051.5079           60051.5079
2033  1           65945.5389           65945.5389
2034  1           63687.1764           63687.1764
2035  1           61422.5303           61422.5303
2036  1           60746.9070           60746.9070
2037  1           60688.7589           60688.7589
2038  1           69399.9034           69399.9034
2039  1           83129.6921           83129.6921
2040  1           91966.3004           91966.3004
2041  1           79883.9604           79883.9604
2042  1           62572.1383           62572.1383
2043  1           75876.2491           75876.2491
2044  1          100368.1526          100368.1526
2045  1          104410.7867          104410.7867
