2019  1           30056.5453           30056.5453
2020  1           30563.7084           30563.7084
2021  1           32164.1562           32164.1562
2022  1           33421.3577           33421.3577
2023  1           30525.9545           30525.9545
2024  1           32660.1729           32660.1729
2025  1           35669.2352           35669.2352
2026  1           33860.8178           33860.8178
2027  1           30743.0828           30743.0828
2028  1           31236.9826           31236.9826
2029  1           34260.9437           34260.9437
2030  1           34556.2988           34556.2988
2031  1           36046.4017           36046.4017
2032  1           34893.4927           34893.4927
2033  1           32445.0746           32445.0746
2034  1           30888.6863           30888.6863
2035  1           28253.0891           28253.0891
2036  1           25866.9194           25866.9194
2037  1           25876.9207           25876.9207
2038  1           27003.5079           27003.5079
2039  1           27726.5420           27726.5420
2040  1           28265.9526           28265.9526
2041  1           28380.1918           28380.1918
2042  1           27602.2795           27602.2795
2043  1           25781.1433           25781.1433
2044  1           25093.1062           25093.1062
2045  1           24398.7395           24398.7395
