2019  1           25237.7951           25237.7951
2020  1           25258.3331           25258.3331
2021  1           25661.2009           25661.2009
2022  1           26723.6188           26723.6188
2023  1           25817.7459           25817.7459
2024  1           26097.5728           26097.5728
2025  1           28580.2659           28580.2659
2026  1           28909.0848           28909.0848
2027  1           29030.1339           29030.1339
2028  1           30531.5056           30531.5056
2029  1           33847.7193           33847.7193
2030  1           35927.2154           35927.2154
2031  1           35893.4778           35893.4778
2032  1           46600.3879           46600.3879
2033  1           63364.9317           63364.9317
2034  1           70166.9622           70166.9622
2035  1           48927.6110           48927.6110
2036  1           34523.7461           34523.7461
2037  1           36677.3398           36677.3398
2038  1           38610.8618           38610.8618
2039  1           34843.7606           34843.7606
2040  1           29256.9072           29256.9072
2041  1           23606.8865           23606.8865
2042  1           16731.5795           16731.5795
2043  1           16311.7440           16311.7440
2044  1           18953.0843           18953.0843
2045  1           22647.1609           22647.1609
