2019  1           27375.0805           27375.0805
2020  1           27902.2643           27902.2643
2021  1           32207.6124           32207.6124
2022  1           35940.9558           35940.9558
2023  1           32270.4973           32270.4973
2024  1           27999.7633           27999.7633
2025  1           28215.9991           28215.9991
2026  1           29090.7543           29090.7543
2027  1           36572.2997           36572.2997
2028  1           48492.1125           48492.1125
2029  1           56311.0747           56311.0747
2030  1           64498.5336           64498.5336
2031  1           64733.4794           64733.4794
2032  1           60719.8228           60719.8228
2033  1           61026.4333           61026.4333
2034  1           58359.5114           58359.5114
2035  1           50129.3595           50129.3595
2036  1           44069.9885           44069.9885
2037  1           40388.5038           40388.5038
2038  1           38218.5620           38218.5620
2039  1           35571.1023           35571.1023
2040  1           35881.8688           35881.8688
2041  1           37739.1214           37739.1214
2042  1           36192.4901           36192.4901
2043  1           25073.3520           25073.3520
2044  1           17056.1332           17056.1332
2045  1           17816.5579           17816.5579
