2019  1           30056.5453           30056.5453
2020  1           30563.7084           30563.7084
2021  1           32689.4234           32689.4234
2022  1           34328.6108           34328.6108
2023  1           31948.3669           31948.3669
2024  1           34178.3053           34178.3053
2025  1           37018.6535           37018.6535
2026  1           35595.4548           35595.4548
2027  1           32386.8057           32386.8057
2028  1           33095.8953           33095.8953
2029  1           36036.6896           36036.6896
2030  1           36475.4946           36475.4946
2031  1           38384.8259           38384.8259
2032  1           37185.5061           37185.5061
2033  1           34321.6103           34321.6103
2034  1           32491.7369           32491.7369
2035  1           29585.4911           29585.4911
2036  1           27007.4600           27007.4600
2037  1           27196.8854           27196.8854
2038  1           28568.7278           28568.7278
2039  1           29164.5483           29164.5483
2040  1           29739.1169           29739.1169
2041  1           29585.9260           29585.9260
2042  1           28838.8088           28838.8088
2043  1           26826.0476           26826.0476
2044  1           26113.4106           26113.4106
2045  1           25092.7538           25092.7538
