2019  1           26685.8031           26685.8031
2020  1           27043.8544           27043.8544
2021  1           29096.4456           29096.4456
2022  1           30158.0326           30158.0326
2023  1           28363.0975           28363.0975
2024  1           27508.3735           27508.3735
2025  1           29780.2324           29780.2324
2026  1           31571.4700           31571.4700
2027  1           31423.8628           31423.8628
2028  1           30681.4604           30681.4604
2029  1           29790.7401           29790.7401
2030  1           27632.3690           27632.3690
2031  1           22201.8691           22201.8691
2032  1           18180.9490           18180.9490
2033  1           24955.8239           24955.8239
2034  1           36206.7573           36206.7573
2035  1           51365.7713           51365.7713
2036  1           88849.3188           88849.3188
2037  1          135735.3070          135735.3070
2038  1          165980.9138          165980.9138
2039  1          154340.0020          154340.0020
2040  1          127550.2928          127550.2928
2041  1           96637.6402           96637.6402
2042  1           65460.4182           65460.4182
2043  1           47593.8358           47593.8358
2044  1           37230.8769           37230.8769
2045  1           39167.9020           39167.9020
