2019  1           27337.9694           27337.9694
2020  1           26615.9945           26615.9945
2021  1           24348.2707           24348.2707
2022  1           22323.2074           22323.2074
2023  1           18487.9629           18487.9629
2024  1           13931.6485           13931.6485
2025  1           11343.7941           11343.7941
2026  1            9443.0876            9443.0876
2027  1           10708.5147           10708.5147
2028  1           11236.6376           11236.6376
2029  1           11475.1901           11475.1901
2030  1           11993.0210           11993.0210
2031  1           12822.1134           12822.1134
2032  1           13057.5841           13057.5841
2033  1           14250.6964           14250.6964
2034  1           15646.7257           15646.7257
2035  1           15411.2070           15411.2070
2036  1           15523.5351           15523.5351
2037  1           15490.2748           15490.2748
2038  1           15376.7942           15376.7942
2039  1           14785.8896           14785.8896
2040  1           13435.2878           13435.2878
2041  1           11292.0422           11292.0422
2042  1           10963.7857           10963.7857
2043  1           14598.3280           14598.3280
2044  1           17827.8081           17827.8081
2045  1           18603.6209           18603.6209
