2019  1           30056.5453           30056.5453
2020  1           29591.6632           29591.6632
2021  1           26213.4208           26213.4208
2022  1           22500.0147           22500.0147
2023  1           16849.0322           16849.0322
2024  1           14815.4991           14815.4991
2025  1           15336.6517           15336.6517
2026  1           13330.1176           13330.1176
2027  1           11669.2454           11669.2454
2028  1           12271.3292           12271.3292
2029  1           14514.2524           14514.2524
2030  1           15192.9641           15192.9641
2031  1           15855.2487           15855.2487
2032  1           15034.6831           15034.6831
2033  1           13455.8688           13455.8688
2034  1           12376.5230           12376.5230
2035  1           11015.3252           11015.3252
2036  1            9706.7047            9706.7047
2037  1            9433.2583            9433.2583
2038  1            9710.3670            9710.3670
2039  1            9877.1770            9877.1770
2040  1            9996.1588            9996.1588
2041  1            9926.9782            9926.9782
2042  1            9597.1901            9597.1901
2043  1            8778.3606            8778.3606
2044  1            8437.2616            8437.2616
2045  1            8467.6046            8467.6046
