2019  1           24949.9813           24949.9813
2020  1           28954.5172           28954.5172
2021  1           41011.6340           41011.6340
2022  1           54050.1081           54050.1081
2023  1           59316.5664           59316.5664
2024  1           71873.8761           71873.8761
2025  1           87008.1753           87008.1753
2026  1           98752.8895           98752.8895
2027  1           87797.0852           87797.0852
2028  1           74350.7796           74350.7796
2029  1           82191.6519           82191.6519
2030  1           97955.1069           97955.1069
2031  1           99311.8345           99311.8345
2032  1           92256.7953           92256.7953
2033  1           84418.8254           84418.8254
2034  1           77781.2559           77781.2559
2035  1           79728.5122           79728.5122
2036  1           80233.1994           80233.1994
2037  1          114736.7537          114736.7537
2038  1          163345.3893          163345.3893
2039  1          186778.1122          186778.1122
2040  1          190574.8354          190574.8354
2041  1          159003.1455          159003.1455
2042  1          121205.4446          121205.4446
2043  1          101700.4149          101700.4149
2044  1           82709.8392           82709.8392
2045  1           74182.2385           74182.2385
