2019  1           30056.5453           30056.5453
2020  1           34451.7854           34451.7854
2021  1           41424.6612           41424.6612
2022  1           51014.0590           51014.0590
2023  1           52272.0113           52272.0113
2024  1           68631.1370           68631.1370
2025  1           84268.2907           84268.2907
2026  1           85261.5904           85261.5904
2027  1           74056.9135           74056.9135
2028  1           75004.5733           75004.5733
2029  1           80537.6124           80537.6124
2030  1           78130.4757           78130.4757
2031  1           90583.6547           90583.6547
2032  1           94562.4421           94562.4421
2033  1           86602.0558           86602.0558
2034  1           82631.4642           82631.4642
2035  1           69129.7070           69129.7070
2036  1           58192.6015           58192.6015
2037  1           59377.3445           59377.3445
2038  1           63869.5221           63869.5221
2039  1           73211.8852           73211.8852
2040  1           81298.6443           81298.6443
2041  1           82256.5018           82256.5018
2042  1           81200.3856           81200.3856
2043  1           66416.0241           66416.0241
2044  1           56312.7813           56312.7813
2045  1           50309.0726           50309.0726
