2019  1           23836.9000           23836.9000
2020  1           23187.7587           23187.7587
2021  1           24513.3332           24513.3332
2022  1           25534.0051           25534.0051
2023  1           23746.6401           23746.6401
2024  1           22837.3119           22837.3119
2025  1           23987.9338           23987.9338
2026  1           31279.4944           31279.4944
2027  1           41189.5186           41189.5186
2028  1           44899.4250           44899.4250
2029  1           45497.0231           45497.0231
2030  1           47430.2945           47430.2945
2031  1           49904.1510           49904.1510
2032  1           50402.9595           50402.9595
2033  1           50586.9459           50586.9459
2034  1           47188.6016           47188.6016
2035  1           35062.1037           35062.1037
2036  1           26310.4954           26310.4954
2037  1           23730.5376           23730.5376
2038  1           21767.4848           21767.4848
2039  1           25744.6886           25744.6886
2040  1           30807.1399           30807.1399
2041  1           29503.6003           29503.6003
2042  1           37417.3867           37417.3867
2043  1           47759.2861           47759.2861
2044  1           51172.2509           51172.2509
2045  1           42083.9147           42083.9147
