2019  1           30056.5453           30056.5453
2020  1           30563.7084           30563.7084
2021  1           31888.3353           31888.3353
2022  1           33155.6732           33155.6732
2023  1           28961.5270           28961.5270
2024  1           29886.1734           29886.1734
2025  1           27142.7288           27142.7288
2026  1           20618.7493           20618.7493
2027  1           15732.2040           15732.2040
2028  1           16486.4729           16486.4729
2029  1           22947.8253           22947.8253
2030  1           25624.3809           25624.3809
2031  1           30652.5789           30652.5789
2032  1           32622.2975           32622.2975
2033  1           29153.7997           29153.7997
2034  1           27101.6045           27101.6045
2035  1           19877.3147           19877.3147
2036  1           14960.9724           14960.9724
2037  1           16680.2506           16680.2506
2038  1           19068.2442           19068.2442
2039  1           22916.4446           22916.4446
2040  1           26390.3839           26390.3839
2041  1           27148.4182           27148.4182
2042  1           26667.7141           26667.7141
2043  1           20081.6768           20081.6768
2044  1           15775.2730           15775.2730
2045  1           13417.6230           13417.6230
