2019  1           27619.1935           27619.1935
2020  1           26805.3696           26805.3696
2021  1           27147.0530           27147.0530
2022  1           26638.4708           26638.4708
2023  1           23327.9977           23327.9977
2024  1           20517.2910           20517.2910
2025  1           20051.2139           20051.2139
2026  1           19638.4763           19638.4763
2027  1           18100.3935           18100.3935
2028  1           16507.6930           16507.6930
2029  1           15566.1724           15566.1724
2030  1           17021.1368           17021.1368
2031  1           20829.7698           20829.7698
2032  1           23665.8527           23665.8527
2033  1           25500.6544           25500.6544
2034  1           26897.6828           26897.6828
2035  1           24115.8479           24115.8479
2036  1           21919.8545           21919.8545
2037  1           21418.7352           21418.7352
2038  1           19799.8259           19799.8259
2039  1           19175.7377           19175.7377
2040  1           18038.1866           18038.1866
2041  1           16536.1299           16536.1299
2042  1           14979.1299           14979.1299
2043  1           13254.4553           13254.4553
2044  1           11617.8261           11617.8261
2045  1           10142.2532           10142.2532
