2019  1           30056.5453           30056.5453
2020  1           29591.6632           29591.6632
2021  1           26130.7134           26130.7134
2022  1           22310.1474           22310.1474
2023  1           16754.3980           16754.3980
2024  1           14601.5222           14601.5222
2025  1           15009.9631           15009.9631
2026  1           13091.7901           13091.7901
2027  1           11854.9605           11854.9605
2028  1           12397.4655           12397.4655
2029  1           14509.6994           14509.6994
2030  1           14920.0457           14920.0457
2031  1           15838.2350           15838.2350
2032  1           15294.7044           15294.7044
2033  1           13999.9986           13999.9986
2034  1           13151.5827           13151.5827
2035  1           11866.8202           11866.8202
2036  1           10644.3148           10644.3148
2037  1           10394.6321           10394.6321
2038  1           10705.6399           10705.6399
2039  1           10898.9087           10898.9087
2040  1           11031.3856           11031.3856
2041  1           10947.4938           10947.4938
2042  1           10589.5325           10589.5325
2043  1            9724.9510            9724.9510
2044  1            9334.2653            9334.2653
2045  1            9242.1347            9242.1347
