2019  1           30056.5453           30056.5453
2020  1           29591.6632           29591.6632
2021  1           26092.6099           26092.6099
2022  1           22296.0083           22296.0083
2023  1           16606.3859           16606.3859
2024  1           14352.3684           14352.3684
2025  1           14998.0675           14998.0675
2026  1           13219.1811           13219.1811
2027  1           11551.1343           11551.1343
2028  1           12306.5052           12306.5052
2029  1           14527.6331           14527.6331
2030  1           15077.2552           15077.2552
2031  1           16494.1452           16494.1452
2032  1           16431.5350           16431.5350
2033  1           15503.6338           15503.6338
2034  1           14905.4679           14905.4679
2035  1           13563.8212           13563.8212
2036  1           12330.8120           12330.8120
2037  1           12124.0862           12124.0862
2038  1           12509.0485           12509.0485
2039  1           12702.3903           12702.3903
2040  1           12798.7352           12798.7352
2041  1           12717.5468           12717.5468
2042  1           12336.6817           12336.6817
2043  1           11432.7530           11432.7530
2044  1           10996.9337           10996.9337
2045  1           10757.4384           10757.4384
