2019  1           30056.5453           30056.5453
2020  1           30563.7084           30563.7084
2021  1           30378.1588           30378.1588
2022  1           30141.1030           30141.1030
2023  1           26348.1479           26348.1479
2024  1           27930.7770           27930.7770
2025  1           31241.0315           31241.0315
2026  1           28972.3610           28972.3610
2027  1           25549.5052           25549.5052
2028  1           26552.8493           26552.8493
2029  1           29960.6347           29960.6347
2030  1           30124.8324           30124.8324
2031  1           31294.4771           31294.4771
2032  1           29235.3830           29235.3830
2033  1           26444.9040           26444.9040
2034  1           25247.4379           25247.4379
2035  1           23544.5056           23544.5056
2036  1           21758.8912           21758.8912
2037  1           22039.5674           22039.5674
2038  1           23429.9583           23429.9583
2039  1           24305.3497           24305.3497
2040  1           24665.5010           24665.5010
2041  1           24278.0200           24278.0200
2042  1           23173.5620           23173.5620
2043  1           21508.3078           21508.3078
2044  1           20975.1284           20975.1284
2045  1           21124.2181           21124.2181
