2019  1           30056.5453           30056.5453
2020  1           30563.7084           30563.7084
2021  1           30598.2571           30598.2571
2022  1           30166.2094           30166.2094
2023  1           26284.6479           26284.6479
2024  1           27505.2163           27505.2163
2025  1           30919.0268           30919.0268
2026  1           28990.4840           28990.4840
2027  1           25119.3760           25119.3760
2028  1           25875.8437           25875.8437
2029  1           29736.2729           29736.2729
2030  1           30389.1174           30389.1174
2031  1           31388.3693           31388.3693
2032  1           29271.3185           29271.3185
2033  1           26402.6550           26402.6550
2034  1           25282.5003           25282.5003
2035  1           23556.3356           23556.3356
2036  1           21741.4287           21741.4287
2037  1           21796.9010           21796.9010
2038  1           23013.9412           23013.9412
2039  1           24053.9596           24053.9596
2040  1           24446.9445           24446.9445
2041  1           24461.0517           24461.0517
2042  1           23572.7620           23572.7620
2043  1           21920.2828           21920.2828
2044  1           21039.3044           21039.3044
2045  1           21014.3625           21014.3625
