2019  1           30056.5453           30056.5453
2020  1           30563.7084           30563.7084
2021  1           30523.9007           30523.9007
2022  1           30351.9748           30351.9748
2023  1           26405.5483           26405.5483
2024  1           27843.4099           27843.4099
2025  1           31274.1280           31274.1280
2026  1           28969.4741           28969.4741
2027  1           25359.5132           25359.5132
2028  1           26235.9851           26235.9851
2029  1           29647.9632           29647.9632
2030  1           29894.0187           29894.0187
2031  1           30922.9540           30922.9540
2032  1           29158.0300           29158.0300
2033  1           26587.9017           26587.9017
2034  1           25608.7069           25608.7069
2035  1           24049.6622           24049.6622
2036  1           22424.3210           22424.3210
2037  1           22615.4687           22615.4687
2038  1           23770.8604           23770.8604
2039  1           24338.2253           24338.2253
2040  1           24714.3448           24714.3448
2041  1           24271.2596           24271.2596
2042  1           23399.5812           23399.5812
2043  1           21461.7430           21461.7430
2044  1           20965.1836           20965.1836
2045  1           20850.5334           20850.5334
