2019  1           30056.5453           30056.5453
2020  1           29591.6632           29591.6632
2021  1           24207.6650           24207.6650
2022  1           18860.5531           18860.5531
2023  1           13506.2865           13506.2865
2024  1           11506.9231           11506.9231
2025  1           14064.3528           14064.3528
2026  1           14185.9981           14185.9981
2027  1           13964.1564           13964.1564
2028  1           15542.4482           15542.4482
2029  1           17830.6741           17830.6741
2030  1           18827.5407           18827.5407
2031  1           19949.5924           19949.5924
2032  1           19578.7542           19578.7542
2033  1           18195.7286           18195.7286
2034  1           17130.7607           17130.7607
2035  1           13150.2118           13150.2118
2036  1            9692.4848            9692.4848
2037  1            8096.6018            8096.6018
2038  1            7246.5039            7246.5039
2039  1            6942.6265            6942.6265
2040  1            6627.5648            6627.5648
2041  1            6610.1738            6610.1738
2042  1            6421.5755            6421.5755
2043  1            5818.1008            5818.1008
2044  1            5730.7512            5730.7512
2045  1            6195.4137            6195.4137
