2019  1           26581.0864           26581.0864
2020  1           25617.3161           25617.3161
2021  1           26510.5641           26510.5641
2022  1           28540.8409           28540.8409
2023  1           28324.7474           28324.7474
2024  1           26524.3673           26524.3673
2025  1           26473.8586           26473.8586
2026  1           26309.4540           26309.4540
2027  1           24664.0311           24664.0311
2028  1           23453.4814           23453.4814
2029  1           22399.6951           22399.6951
2030  1           20087.0460           20087.0460
2031  1           14220.0944           14220.0944
2032  1            8330.3240            8330.3240
2033  1            4774.4250            4774.4250
2034  1            1483.1211            1483.1211
2035  1            3169.5831            3169.5831
2036  1            7937.5920            7937.5920
2037  1           14043.0824           14043.0824
2038  1           20562.1445           20562.1445
2039  1           25872.6362           25872.6362
2040  1           29117.4942           29117.4942
2041  1           25776.7684           25776.7684
2042  1           20791.3997           20791.3997
2043  1           19918.7516           19918.7516
2044  1           21053.9101           21053.9101
2045  1           21467.7842           21467.7842
