2019  1           25129.6618           25129.6618
2020  1           24252.0826           24252.0826
2021  1           22618.8981           22618.8981
2022  1           22159.4861           22159.4861
2023  1           19184.4840           19184.4840
2024  1           14039.4406           14039.4406
2025  1            8967.9107            8967.9107
2026  1            4383.9201            4383.9201
2027  1            3047.8304            3047.8304
2028  1            2848.1924            2848.1924
2029  1            4013.5453            4013.5453
2030  1            4240.3859            4240.3859
2031  1            2885.6950            2885.6950
2032  1            3663.5515            3663.5515
2033  1            7036.6344            7036.6344
2034  1            9665.8092            9665.8092
2035  1           16295.1909           16295.1909
2036  1           21412.7394           21412.7394
2037  1           21966.8007           21966.8007
2038  1           20382.9393           20382.9393
2039  1           17382.1436           17382.1436
2040  1           14417.1293           14417.1293
2041  1           10441.9823           10441.9823
2042  1            6761.8535            6761.8535
2043  1            7379.1252            7379.1252
2044  1            8675.9932            8675.9932
2045  1            9064.2662            9064.2662
