2019  1           30056.5453           30056.5453
2020  1           34451.7854           34451.7854
2021  1           45963.5920           45963.5920
2022  1           59505.8885           59505.8885
2023  1           64166.2994           64166.2994
2024  1           81727.3937           81727.3937
2025  1           95602.9225           95602.9225
2026  1           93870.3330           93870.3330
2027  1           87930.2486           87930.2486
2028  1           93131.0947           93131.0947
2029  1          103381.0902          103381.0902
2030  1          105568.8860          105568.8860
2031  1          111044.3052          111044.3052
2032  1          107426.7101          107426.7101
2033  1           93122.2371           93122.2371
2034  1           85021.4089           85021.4089
2035  1           79266.2171           79266.2171
2036  1           74291.5231           74291.5231
2037  1           75922.0048           75922.0048
2038  1           80863.9113           80863.9113
2039  1           77910.6916           77910.6916
2040  1           75259.6972           75259.6972
2041  1           71684.5799           71684.5799
2042  1           67368.8893           67368.8893
2043  1           61772.4942           61772.4942
2044  1           60700.5751           60700.5751
2045  1           61257.5139           61257.5139
