2019  1           30056.5453           30056.5453
2020  1           30563.7084           30563.7084
2021  1           30342.8028           30342.8028
2022  1           29871.9204           29871.9204
2023  1           25917.6173           25917.6173
2024  1           26724.4904           26724.4904
2025  1           30123.2888           30123.2888
2026  1           28572.3914           28572.3914
2027  1           24887.8682           24887.8682
2028  1           25873.6141           25873.6141
2029  1           29602.3555           29602.3555
2030  1           29541.1577           29541.1577
2031  1           30438.7138           30438.7138
2032  1           28386.8585           28386.8585
2033  1           25859.6731           25859.6731
2034  1           24958.4102           24958.4102
2035  1           23533.2017           23533.2017
2036  1           22018.3759           22018.3759
2037  1           22084.6072           22084.6072
2038  1           23509.9282           23509.9282
2039  1           23767.4759           23767.4759
2040  1           24104.1705           24104.1705
2041  1           23956.9527           23956.9527
2042  1           23161.5522           23161.5522
2043  1           21676.6736           21676.6736
2044  1           20984.1623           20984.1623
2045  1           20870.3928           20870.3928
